N1 : 2 
N2 : 2 
LINHAS : 16 
COLUNAS : 4 

MAXIMO_MUTACOES : 3 
NUMERO_MAX_GERACOES : 3000000 
GERACOES_SEM_MUDANCA : 300000 
PERSISTENCIA : 1000 
INDIVIDUOS_POR_GERACAO : 4 
QTD_CH : 2 

NUMERO_PORTAS : 5 
AND : 100 
OR : 200 
NAND : 300 NOR : 400 
XOR : 500 
LINHAS_NOS : 2 
COLUNAS_NOS : 5 
NUMERO_NOS : 14 


Matriz Topologia : 

5 7 9 11 13 
6 8 10 12 14 



A A B B |C0 C1|S0 |S1 |S2 |S3 |
------------------------------|
0 0 0 0 | 0 0 | 0 | 0 | 0 | 0 | 
0 0 0 1 | 1 0 | 0 | 0 | 0 | 0 | 
0 0 1 0 | 0 0 | 0 | 0 | 0 | 0 | 
0 0 1 1 | 1 0 | 0 | 0 | 0 | 0 | 
0 1 0 0 | 0 0 | 0 | 0 | 0 | 0 | 
0 1 0 1 | 1 0 | 0 | 0 | 0 | 1 | 
0 1 1 0 | 0 0 | 0 | 0 | 1 | 0 | 
0 1 1 1 | 1 0 | 0 | 0 | 1 | 1 | 
1 0 0 0 | 0 1 | 0 | 0 | 0 | 0 | 
1 0 0 1 | 1 1 | 0 | 0 | 1 | 0 | 
1 0 1 0 | 0 1 | 0 | 1 | 0 | 0 | 
1 0 1 1 | 1 1 | 0 | 1 | 1 | 0 | 
1 1 0 0 | 0 1 | 0 | 0 | 0 | 0 | 
1 1 0 1 | 1 1 | 0 | 0 | 1 | 1 | 
1 1 1 0 | 0 1 | 0 | 1 | 1 | 0 | 
1 1 1 1 | 1 1 | 1 | 0 | 0 | 1 | 




 Evolucao!!!!  Geracao: 1. 	 Melhor rank ate esta geracao: 34 

1 | 1 4 500 | 1 3 500 | 1 3 200 | 4 6 100 | 5 8 100 | 4 5 500 | 3 7 400 | 2 4 300 | 4 6 300 | 11 8 200 | 4 | 34
1 | 1 4 400 | 1 4 300 | 1 3 300 | 2 6 500 | 3 5 300 | 2 6 500 | 6 4 400 | 2 5 300 | 10 5 200 | 2 9 200 | 1 | -1



 Evolucao!!!!  Geracao: 2. 	 Melhor rank ate esta geracao: 37 

1 | 1 4 500 | 1 3 500 | 1 3 500 | 4 6 100 | 5 8 100 | 4 5 500 | 3 7 400 | 2 8 300 | 4 6 300 | 11 8 200 | 4 | 37
1 | 1 4 400 | 1 4 300 | 1 3 300 | 2 6 500 | 3 5 300 | 2 6 500 | 6 4 400 | 2 5 300 | 10 5 200 | 2 9 200 | 9 | -1



 Evolucao!!!!  Geracao: 5. 	 Melhor rank ate esta geracao: 41 

1 | 1 4 500 | 1 3 500 | 1 3 500 | 4 6 100 | 5 8 100 | 4 5 500 | 3 7 400 | 2 8 300 | 4 6 300 | 11 8 200 | 4 | 41
1 | 1 4 400 | 1 4 300 | 1 3 300 | 2 6 500 | 4 5 300 | 2 6 500 | 6 4 400 | 2 5 300 | 10 5 200 | 2 9 200 | 9 | -1



 Evolucao!!!!  Geracao: 12. 	 Melhor rank ate esta geracao: 46 

1 | 1 4 500 | 1 3 500 | 1 3 500 | 4 6 100 | 6 8 100 | 4 5 500 | 3 7 400 | 2 8 300 | 4 6 300 | 11 8 200 | 4 | 46
1 | 1 2 400 | 1 4 300 | 1 3 300 | 2 6 500 | 4 5 300 | 2 6 500 | 6 4 400 | 2 5 300 | 10 5 200 | 2 9 200 | 9 | -1



A A B B |C0 C1|S0 |S1 |S2 |S3 |
------------------------------|
0 0 0 0 | 0 0 | 0 | 0 | 0 | 0 | 
0 0 0 1 | 1 0 | 0 | 0 | 0 | 0 | 
0 0 1 0 | 0 0 | 0 | 0 | 0 | 0 | 
0 0 1 1 | 1 0 | 0 | 0 | 0 | 0 | 
0 1 0 0 | 0 1 | 0 | 0 | 0 | 0 | 
0 1 0 1 | 1 1 | 0 | 0 | 0 | 1 | 
0 1 1 0 | 0 1 | 0 | 0 | 1 | 0 | 
0 1 1 1 | 1 1 | 0 | 0 | 1 | 1 | 
1 0 0 0 | 0 0 | 0 | 0 | 0 | 0 | 
1 0 0 1 | 1 0 | 0 | 0 | 1 | 0 | 
1 0 1 0 | 0 0 | 0 | 1 | 0 | 0 | 
1 0 1 1 | 1 0 | 0 | 1 | 1 | 0 | 
1 1 0 0 | 0 1 | 0 | 0 | 0 | 0 | 
1 1 0 1 | 1 1 | 0 | 0 | 1 | 1 | 
1 1 1 0 | 0 1 | 0 | 1 | 1 | 0 | 
1 1 1 1 | 1 1 | 1 | 0 | 0 | 1 | 


Encontrado na geracao : 36 
Com Rank : 64 
Temos como Individuo que soluciona S3 : 
1 | 1 4 500 | 1 3 500 | 1 3 500 | 4 6 100 | 6 8 100 | 4 5 500 | 3 7 400 | 2 8 300 | 4 6 300 | 11 8 200 | 4 | 64
1 | 1 2 400 | 1 4 300 | 1 3 300 | 2 6 500 | 4 5 300 | 2 6 500 | 6 4 400 | 2 5 300 | 10 5 200 | 2 11 200 | 2 | -1


Situacao de cada porta do MUX00 : 
0 0 0 1 
Legenda 
porta travada em zero = 0 
porta travada em um = 1 
porta nao utilizada = -1 
porta com necessidade de mais um MUX = 2 

Numero de vezes que cada porta do MUX00 foi utilizada : 
4 4 4 4 