N1 : 2 
N2 : 2 
LINHAS : 16 
COLUNAS : 4 

MAXIMO_MUTACOES : 3 
NUMERO_MAX_GERACOES : 3000000 
GERACOES_SEM_MUDANCA : 300000 
PERSISTENCIA : 1000 
INDIVIDUOS_POR_GERACAO : 4 
QTD_CH : 2 

NUMERO_PORTAS : 5 
AND : 100 
OR : 200 
NAND : 300 NOR : 400 
XOR : 500 
LINHAS_NOS : 2 
COLUNAS_NOS : 5 
NUMERO_NOS : 14 


Matriz Topologia : 

5 7 9 11 13 
6 8 10 12 14 



A A B B |C0 C1|S0 |S1 |S2 |S3 |
------------------------------|
0 0 0 0 | 0 1 | 0 | 0 | 0 | 0 | 
0 0 0 1 | 0 1 | 0 | 0 | 0 | 0 | 
0 0 1 0 | 0 1 | 0 | 0 | 0 | 0 | 
0 0 1 1 | 0 1 | 0 | 0 | 0 | 0 | 
0 1 0 0 | 1 1 | 0 | 0 | 0 | 0 | 
0 1 0 1 | 1 1 | 0 | 0 | 0 | 1 | 
0 1 1 0 | 1 1 | 0 | 0 | 1 | 0 | 
0 1 1 1 | 1 1 | 0 | 0 | 1 | 1 | 
1 0 0 0 | 1 1 | 0 | 0 | 0 | 0 | 
1 0 0 1 | 1 1 | 0 | 0 | 1 | 0 | 
1 0 1 0 | 1 0 | 0 | 1 | 0 | 0 | 
1 0 1 1 | 1 0 | 0 | 1 | 1 | 0 | 
1 1 0 0 | 1 1 | 0 | 0 | 0 | 0 | 
1 1 0 1 | 1 1 | 0 | 0 | 1 | 1 | 
1 1 1 0 | 1 0 | 0 | 1 | 1 | 0 | 
1 1 1 1 | 1 0 | 1 | 0 | 0 | 1 | 




 Evolucao!!!!  Geracao: 1. 	 Melhor rank ate esta geracao: 55 

1 | 1 2 200 | 3 1 100 | 1 5 200 | 1 4 300 | 1 3 500 | 2 4 500 | 6 5 300 | 3 10 200 | 6 2 100 | 8 4 500 | 7 | 55
1 | 3 1 100 | 1 3 100 | 6 4 400 | 6 5 500 | 5 4 500 | 3 1 100 | 3 1 300 | 5 7 500 | 7 6 200 | 10 6 400 | 14 | -1



 Evolucao!!!!  Geracao: 10. 	 Melhor rank ate esta geracao: 57 

1 | 1 2 300 | 3 1 100 | 1 5 300 | 1 4 300 | 1 3 500 | 2 4 500 | 6 5 300 | 3 10 200 | 6 2 100 | 8 4 500 | 7 | 57
1 | 3 1 100 | 1 3 100 | 6 4 400 | 6 5 500 | 5 4 500 | 3 1 100 | 3 1 300 | 5 7 300 | 7 6 200 | 10 6 400 | 14 | -1



 Evolucao!!!!  Geracao: 14. 	 Melhor rank ate esta geracao: 59 

1 | 1 2 300 | 3 1 100 | 1 5 200 | 1 4 300 | 1 3 500 | 2 4 500 | 6 5 300 | 3 10 200 | 6 2 100 | 8 4 500 | 7 | 59
1 | 3 1 100 | 1 3 100 | 6 4 100 | 2 5 500 | 5 4 500 | 3 1 100 | 3 1 300 | 5 7 300 | 7 6 200 | 10 6 400 | 14 | -1



 Evolucao!!!!  Geracao: 93. 	 Melhor rank ate esta geracao: 61 

1 | 1 2 300 | 3 1 100 | 1 5 200 | 1 4 300 | 1 3 500 | 2 4 500 | 6 5 300 | 3 10 300 | 6 2 100 | 8 4 500 | 13 | 61
1 | 3 1 100 | 1 3 100 | 6 4 100 | 2 3 500 | 5 4 500 | 3 1 100 | 3 1 300 | 5 7 300 | 7 6 200 | 10 6 400 | 14 | -1



A A B B |C0 C1|S0 |S1 |S2 |S3 |
------------------------------|
0 0 0 0 | 0 1 | 0 | 0 | 0 | 0 | 
0 0 0 1 | 0 1 | 0 | 0 | 0 | 0 | 
0 0 1 0 | 0 1 | 0 | 0 | 0 | 0 | 
0 0 1 1 | 0 1 | 0 | 0 | 0 | 0 | 
0 1 0 0 | 1 1 | 0 | 0 | 0 | 0 | 
0 1 0 1 | 1 1 | 0 | 0 | 0 | 1 | 
0 1 1 0 | 0 1 | 0 | 0 | 1 | 0 | 
0 1 1 1 | 1 1 | 0 | 0 | 1 | 1 | 
1 0 0 0 | 0 1 | 0 | 0 | 0 | 0 | 
1 0 0 1 | 0 1 | 0 | 0 | 1 | 0 | 
1 0 1 0 | 0 0 | 0 | 1 | 0 | 0 | 
1 0 1 1 | 0 0 | 0 | 1 | 1 | 0 | 
1 1 0 0 | 1 1 | 0 | 0 | 0 | 0 | 
1 1 0 1 | 1 1 | 0 | 0 | 1 | 1 | 
1 1 1 0 | 0 0 | 0 | 1 | 1 | 0 | 
1 1 1 1 | 1 0 | 1 | 0 | 0 | 1 | 


Encontrado na geracao : 107 
Com Rank : 64 
Temos como Individuo que soluciona S1 : 
1 | 1 2 200 | 3 1 100 | 1 5 200 | 1 4 300 | 1 3 500 | 2 4 500 | 6 5 300 | 3 10 300 | 12 2 100 | 8 4 500 | 13 | 64
1 | 3 1 100 | 1 3 100 | 6 4 200 | 2 3 500 | 5 4 500 | 3 1 100 | 3 1 300 | 5 7 300 | 7 6 200 | 10 6 400 | 14 | -1


Situacao de cada porta do MUX00 : 
1 0 0 0 
Legenda 
porta travada em zero = 0 
porta travada em um = 1 
porta nao utilizada = -1 
porta com necessidade de mais um MUX = 2 

Numero de vezes que cada porta do MUX00 foi utilizada : 
3 7 1 5 