N1 : 2 
N2 : 2 
LINHAS : 16 
COLUNAS : 4 

MAXIMO_MUTACOES : 3 
NUMERO_MAX_GERACOES : 3000000 
GERACOES_SEM_MUDANCA : 300000 
PERSISTENCIA : 1000 
INDIVIDUOS_POR_GERACAO : 4 
QTD_CH : 2 

NUMERO_PORTAS : 5 
AND : 100 
OR : 200 
NAND : 300 NOR : 400 
XOR : 500 
LINHAS_NOS : 2 
COLUNAS_NOS : 5 
NUMERO_NOS : 14 


Matriz Topologia : 

5 7 9 11 13 
6 8 10 12 14 



A A B B |C0 C1|S0 |S1 |S2 |S3 |
------------------------------|
0 0 0 0 | 0 1 | 0 | 0 | 0 | 0 | 
0 0 0 1 | 0 1 | 0 | 0 | 0 | 0 | 
0 0 1 0 | 0 1 | 0 | 0 | 0 | 0 | 
0 0 1 1 | 0 1 | 0 | 0 | 0 | 0 | 
0 1 0 0 | 0 1 | 0 | 0 | 0 | 0 | 
0 1 0 1 | 0 1 | 0 | 0 | 0 | 1 | 
0 1 1 0 | 0 1 | 0 | 0 | 1 | 0 | 
0 1 1 1 | 0 1 | 0 | 0 | 1 | 1 | 
1 0 0 0 | 0 1 | 0 | 0 | 0 | 0 | 
1 0 0 1 | 0 1 | 0 | 0 | 1 | 0 | 
1 0 1 0 | 0 1 | 0 | 1 | 0 | 0 | 
1 0 1 1 | 0 1 | 0 | 1 | 1 | 0 | 
1 1 0 0 | 1 1 | 0 | 0 | 0 | 0 | 
1 1 0 1 | 1 1 | 0 | 0 | 1 | 1 | 
1 1 1 0 | 1 1 | 0 | 1 | 1 | 0 | 
1 1 1 1 | 1 1 | 1 | 0 | 0 | 1 | 




 Evolucao!!!!  Geracao: 1. 	 Melhor rank ate esta geracao: 11 

1 | 2 1 200 | 4 1 100 | 3 5 100 | 1 2 500 | 6 3 400 | 8 5 500 | 10 9 100 | 4 3 200 | 4 5 200 | 8 12 100 | 10 | 11
1 | 4 2 500 | 4 2 100 | 3 4 200 | 6 4 400 | 5 4 100 | 8 6 300 | 7 3 300 | 3 9 500 | 7 11 200 | 7 4 200 | 10 | -1



 Evolucao!!!!  Geracao: 2. 	 Melhor rank ate esta geracao: 12 

1 | 2 1 200 | 4 1 100 | 3 5 100 | 1 4 500 | 4 3 400 | 8 5 500 | 10 9 100 | 4 3 200 | 4 5 200 | 8 12 100 | 10 | 12
1 | 4 2 500 | 4 2 100 | 3 4 200 | 6 4 400 | 5 4 100 | 8 6 300 | 7 3 300 | 3 9 500 | 7 11 200 | 7 4 200 | 10 | -1



 Evolucao!!!!  Geracao: 7. 	 Melhor rank ate esta geracao: 18 

1 | 2 1 200 | 4 1 100 | 3 5 100 | 1 4 500 | 4 3 400 | 8 5 500 | 10 9 100 | 4 3 200 | 4 5 200 | 8 12 100 | 10 | 18
1 | 4 2 500 | 4 2 100 | 3 4 200 | 6 4 400 | 5 4 100 | 3 6 400 | 7 3 300 | 3 9 500 | 7 11 200 | 7 4 200 | 10 | -1



 Evolucao!!!!  Geracao: 9. 	 Melhor rank ate esta geracao: 19 

1 | 2 1 200 | 4 1 100 | 3 5 100 | 1 4 500 | 4 3 200 | 8 5 500 | 10 9 100 | 4 3 200 | 4 5 200 | 8 12 100 | 10 | 19
1 | 4 2 500 | 4 2 100 | 3 4 200 | 6 4 400 | 5 4 100 | 3 6 400 | 7 3 300 | 3 9 500 | 7 11 200 | 7 4 200 | 2 | -1



 Evolucao!!!!  Geracao: 38. 	 Melhor rank ate esta geracao: 34 

1 | 4 1 200 | 4 1 100 | 3 5 100 | 1 4 500 | 4 3 200 | 8 5 500 | 10 9 100 | 4 3 200 | 4 5 200 | 8 12 100 | 10 | 34
1 | 4 1 500 | 4 2 100 | 3 4 200 | 6 4 400 | 5 4 100 | 3 6 400 | 7 3 300 | 3 9 500 | 7 11 200 | 7 4 200 | 2 | -1



 Evolucao!!!!  Geracao: 95. 	 Melhor rank ate esta geracao: 38 

1 | 4 1 300 | 4 1 100 | 3 5 100 | 1 4 500 | 4 3 200 | 3 5 500 | 10 9 100 | 4 3 200 | 4 5 200 | 8 12 100 | 10 | 38
1 | 4 1 500 | 4 2 100 | 3 4 200 | 6 4 400 | 8 4 100 | 3 6 400 | 7 3 300 | 3 9 500 | 7 11 200 | 7 4 200 | 2 | -1



A A B B |C0 C1|S0 |S1 |S2 |S3 |
------------------------------|
0 0 0 0 | 1 1 | 0 | 0 | 0 | 0 | 
0 0 0 1 | 1 1 | 0 | 0 | 0 | 0 | 
0 0 1 0 | 0 0 | 0 | 0 | 0 | 0 | 
0 0 1 1 | 0 0 | 0 | 0 | 0 | 0 | 
0 1 0 0 | 1 1 | 0 | 0 | 0 | 0 | 
0 1 0 1 | 1 1 | 0 | 0 | 0 | 1 | 
0 1 1 0 | 0 1 | 0 | 0 | 1 | 0 | 
0 1 1 1 | 0 1 | 0 | 0 | 1 | 1 | 
1 0 0 0 | 1 1 | 0 | 0 | 0 | 0 | 
1 0 0 1 | 0 1 | 0 | 0 | 1 | 0 | 
1 0 1 0 | 0 0 | 0 | 1 | 0 | 0 | 
1 0 1 1 | 1 0 | 0 | 1 | 1 | 0 | 
1 1 0 0 | 1 1 | 0 | 0 | 0 | 0 | 
1 1 0 1 | 0 1 | 0 | 0 | 1 | 1 | 
1 1 1 0 | 0 1 | 0 | 1 | 1 | 0 | 
1 1 1 1 | 1 1 | 1 | 0 | 0 | 1 | 


Encontrado na geracao : 6713 
Com Rank : 64 
Temos como Individuo que soluciona S2 : 
1 | 4 1 300 | 4 1 100 | 3 5 100 | 1 4 500 | 4 3 200 | 3 5 500 | 10 9 100 | 4 3 200 | 4 5 200 | 8 12 100 | 10 | 64
1 | 4 1 500 | 4 2 100 | 3 4 200 | 6 4 400 | 8 4 100 | 3 6 400 | 7 3 300 | 3 9 500 | 2 11 200 | 7 4 200 | 13 | -1


Situacao de cada porta do MUX00 : 
0 1 1 0 
Legenda 
porta travada em zero = 0 
porta travada em um = 1 
porta nao utilizada = -1 
porta com necessidade de mais um MUX = 2 

Numero de vezes que cada porta do MUX00 foi utilizada : 
3 5 1 7 