N1 : 2 
N2 : 2 
LINHAS : 16 
COLUNAS : 4 

MAXIMO_MUTACOES : 3 
NUMERO_MAX_GERACOES : 3000000 
GERACOES_SEM_MUDANCA : 300000 
PERSISTENCIA : 1000 
INDIVIDUOS_POR_GERACAO : 4 
QTD_CH : 2 

NUMERO_PORTAS : 5 
AND : 100 
OR : 200 
NAND : 300 NOR : 400 
XOR : 500 
LINHAS_NOS : 2 
COLUNAS_NOS : 5 
NUMERO_NOS : 14 


Matriz Topologia : 

5 7 9 11 13 
6 8 10 12 14 



A A B B |C0 C1|S0 |S1 |S2 |S3 |
------------------------------|
0 0 0 0 | 0 0 | 0 | 0 | 0 | 0 | 
0 0 0 1 | 0 0 | 0 | 0 | 0 | 0 | 
0 0 1 0 | 1 0 | 0 | 0 | 0 | 0 | 
0 0 1 1 | 1 0 | 0 | 0 | 0 | 0 | 
0 1 0 0 | 0 0 | 0 | 0 | 0 | 0 | 
0 1 0 1 | 0 0 | 0 | 0 | 0 | 1 | 
0 1 1 0 | 1 0 | 0 | 0 | 1 | 0 | 
0 1 1 1 | 1 0 | 0 | 0 | 1 | 1 | 
1 0 0 0 | 0 0 | 0 | 0 | 0 | 0 | 
1 0 0 1 | 0 0 | 0 | 0 | 1 | 0 | 
1 0 1 0 | 1 0 | 0 | 1 | 0 | 0 | 
1 0 1 1 | 1 0 | 0 | 1 | 1 | 0 | 
1 1 0 0 | 0 0 | 0 | 0 | 0 | 0 | 
1 1 0 1 | 0 0 | 0 | 0 | 1 | 1 | 
1 1 1 0 | 1 0 | 0 | 1 | 1 | 0 | 
1 1 1 1 | 1 0 | 1 | 0 | 0 | 1 | 




 Evolucao!!!!  Geracao: 1. 	 Melhor rank ate esta geracao: 53 

1 | 2 3 500 | 2 4 300 | 2 1 300 | 4 5 200 | 5 2 100 | 4 8 400 | 10 7 500 | 3 4 100 | 3 12 400 | 9 12 300 | 11 | 53
1 | 3 1 100 | 1 3 300 | 6 1 200 | 1 4 200 | 1 3 200 | 8 3 400 | 9 7 400 | 3 8 500 | 12 11 400 | 5 4 200 | 11 | -1



 Evolucao!!!!  Geracao: 6. 	 Melhor rank ate esta geracao: 59 

1 | 2 3 500 | 2 4 300 | 2 1 300 | 4 5 200 | 5 2 100 | 4 8 400 | 10 5 500 | 3 4 100 | 6 12 400 | 9 12 300 | 11 | 59
1 | 3 1 100 | 1 3 300 | 6 1 200 | 1 4 200 | 1 3 200 | 8 3 400 | 9 7 400 | 3 8 500 | 12 11 400 | 5 4 500 | 11 | -1



 Evolucao!!!!  Geracao: 24. 	 Melhor rank ate esta geracao: 65 

1 | 2 3 300 | 2 4 300 | 2 1 300 | 4 5 200 | 5 2 100 | 4 8 400 | 10 5 500 | 3 4 100 | 6 12 400 | 9 12 300 | 11 | 65
1 | 3 1 100 | 1 3 300 | 6 1 200 | 1 4 200 | 1 3 200 | 8 3 400 | 9 7 400 | 3 8 500 | 12 11 400 | 5 4 500 | 11 | -1



A A B B |C0 C1|S0 |S1 |S2 |S3 |
------------------------------|
0 0 0 0 | 1 0 | 0 | 0 | 0 | 0 | 
0 0 0 1 | 1 0 | 0 | 0 | 0 | 0 | 
0 0 1 0 | 1 0 | 0 | 0 | 0 | 0 | 
0 0 1 1 | 1 0 | 0 | 0 | 0 | 0 | 
0 1 0 0 | 1 0 | 0 | 0 | 0 | 0 | 
0 1 0 1 | 1 0 | 0 | 0 | 0 | 1 | 
0 1 1 0 | 1 1 | 0 | 0 | 1 | 0 | 
0 1 1 1 | 0 1 | 0 | 0 | 1 | 1 | 
1 0 0 0 | 1 0 | 0 | 0 | 0 | 0 | 
1 0 0 1 | 1 0 | 0 | 0 | 1 | 0 | 
1 0 1 0 | 1 0 | 0 | 1 | 0 | 0 | 
1 0 1 1 | 1 0 | 0 | 1 | 1 | 0 | 
1 1 0 0 | 1 0 | 0 | 0 | 0 | 0 | 
1 1 0 1 | 1 0 | 0 | 0 | 1 | 1 | 
1 1 1 0 | 1 0 | 0 | 1 | 1 | 0 | 
1 1 1 1 | 0 0 | 1 | 0 | 0 | 1 | 


Encontrado na geracao : 89 
Com Rank : 64 
Temos como Individuo que soluciona S0 : 
1 | 2 3 300 | 2 4 300 | 2 1 300 | 4 5 200 | 5 2 100 | 4 8 400 | 10 5 500 | 3 4 100 | 6 12 400 | 9 12 300 | 11 | 64
1 | 3 1 100 | 2 3 300 | 6 1 200 | 1 4 200 | 1 3 200 | 8 3 400 | 10 7 400 | 3 8 500 | 12 11 400 | 5 4 500 | 11 | -1


Situacao de cada porta do MUX00 : 
1 0 0 0 
Legenda 
porta travada em zero = 0 
porta travada em um = 1 
porta nao utilizada = -1 
porta com necessidade de mais um MUX = 2 

Numero de vezes que cada porta do MUX00 foi utilizada : 
1 1 13 1 