N1 : 3 
N2 : 3 
LINHAS : 64 
COLUNAS : 6 

MAXIMO_MUTACOES : 3 
NUMERO_MAX_GERACOES : 3000000 
GERACOES_SEM_MUDANCA : 300000 
PERSISTENCIA : 1000 
INDIVIDUOS_POR_GERACAO : 4 
QTD_CH : 2 

NUMERO_PORTAS : 5 
AND : 100 
OR : 200 
NAND : 300 NOR : 400 
XOR : 500 
LINHAS_NOS : 2 
COLUNAS_NOS : 5 
NUMERO_NOS : 16 


Matriz Topologia : 

7 9 11 13 15 
8 10 12 14 16 



A A A B B B |C0 C1|S0 |S1 |S2 |S3 |S4 |S5 |
------------------------------------------|
0 0 0 0 0 0 | 1 0 | 0 | 0 | 0 | 0 | 0 | 0 | 
0 0 0 0 0 1 | 1 0 | 0 | 0 | 0 | 0 | 0 | 0 | 
0 0 0 0 1 0 | 1 1 | 0 | 0 | 0 | 0 | 0 | 0 | 
0 0 0 0 1 1 | 1 1 | 0 | 0 | 0 | 0 | 0 | 0 | 
0 0 0 1 0 0 | 0 1 | 0 | 0 | 0 | 0 | 0 | 0 | 
0 0 0 1 0 1 | 0 1 | 0 | 0 | 0 | 0 | 0 | 0 | 
0 0 0 1 1 0 | 0 0 | 0 | 0 | 0 | 0 | 0 | 0 | 
0 0 0 1 1 1 | 0 0 | 0 | 0 | 0 | 0 | 0 | 0 | 
0 0 1 0 0 0 | 0 0 | 0 | 0 | 0 | 0 | 0 | 0 | 
0 0 1 0 0 1 | 0 0 | 0 | 0 | 0 | 0 | 0 | 1 | 
0 0 1 0 1 0 | 0 1 | 0 | 0 | 0 | 0 | 1 | 0 | 
0 0 1 0 1 1 | 0 1 | 0 | 0 | 0 | 0 | 1 | 1 | 
0 0 1 1 0 0 | 0 1 | 0 | 0 | 0 | 1 | 0 | 0 | 
0 0 1 1 0 1 | 0 1 | 0 | 0 | 0 | 1 | 0 | 1 | 
0 0 1 1 1 0 | 0 0 | 0 | 0 | 0 | 1 | 1 | 0 | 
0 0 1 1 1 1 | 0 0 | 0 | 0 | 0 | 1 | 1 | 1 | 
0 1 0 0 0 0 | 1 0 | 0 | 0 | 0 | 0 | 0 | 0 | 
0 1 0 0 0 1 | 1 0 | 0 | 0 | 0 | 0 | 1 | 0 | 
0 1 0 0 1 0 | 1 1 | 0 | 0 | 0 | 1 | 0 | 0 | 
0 1 0 0 1 1 | 1 1 | 0 | 0 | 0 | 1 | 1 | 0 | 
0 1 0 1 0 0 | 0 1 | 0 | 0 | 1 | 0 | 0 | 0 | 
0 1 0 1 0 1 | 0 1 | 0 | 0 | 1 | 0 | 1 | 0 | 
0 1 0 1 1 0 | 0 0 | 0 | 0 | 1 | 1 | 0 | 0 | 
0 1 0 1 1 1 | 0 0 | 0 | 0 | 1 | 1 | 1 | 0 | 
0 1 1 0 0 0 | 0 0 | 0 | 0 | 0 | 0 | 0 | 0 | 
0 1 1 0 0 1 | 0 0 | 0 | 0 | 0 | 0 | 1 | 1 | 
0 1 1 0 1 0 | 0 1 | 0 | 0 | 0 | 1 | 1 | 0 | 
0 1 1 0 1 1 | 0 1 | 0 | 0 | 1 | 0 | 0 | 1 | 
0 1 1 1 0 0 | 0 1 | 0 | 0 | 1 | 1 | 0 | 0 | 
0 1 1 1 0 1 | 0 1 | 0 | 0 | 1 | 1 | 1 | 1 | 
0 1 1 1 1 0 | 0 0 | 0 | 1 | 0 | 0 | 1 | 0 | 
0 1 1 1 1 1 | 0 0 | 0 | 1 | 0 | 1 | 0 | 1 | 
1 0 0 0 0 0 | 1 0 | 0 | 0 | 0 | 0 | 0 | 0 | 
1 0 0 0 0 1 | 1 0 | 0 | 0 | 0 | 1 | 0 | 0 | 
1 0 0 0 1 0 | 1 1 | 0 | 0 | 1 | 0 | 0 | 0 | 
1 0 0 0 1 1 | 1 1 | 0 | 0 | 1 | 1 | 0 | 0 | 
1 0 0 1 0 0 | 0 1 | 0 | 1 | 0 | 0 | 0 | 0 | 
1 0 0 1 0 1 | 0 1 | 0 | 1 | 0 | 1 | 0 | 0 | 
1 0 0 1 1 0 | 0 0 | 0 | 1 | 1 | 0 | 0 | 0 | 
1 0 0 1 1 1 | 0 0 | 0 | 1 | 1 | 1 | 0 | 0 | 
1 0 1 0 0 0 | 0 0 | 0 | 0 | 0 | 0 | 0 | 0 | 
1 0 1 0 0 1 | 0 0 | 0 | 0 | 0 | 1 | 0 | 1 | 
1 0 1 0 1 0 | 0 1 | 0 | 0 | 1 | 0 | 1 | 0 | 
1 0 1 0 1 1 | 0 1 | 0 | 0 | 1 | 1 | 1 | 1 | 
1 0 1 1 0 0 | 0 1 | 0 | 1 | 0 | 1 | 0 | 0 | 
1 0 1 1 0 1 | 0 1 | 0 | 1 | 1 | 0 | 0 | 1 | 
1 0 1 1 1 0 | 0 0 | 0 | 1 | 1 | 1 | 1 | 0 | 
1 0 1 1 1 1 | 0 0 | 1 | 0 | 0 | 0 | 1 | 1 | 
1 1 0 0 0 0 | 1 0 | 0 | 0 | 0 | 0 | 0 | 0 | 
1 1 0 0 0 1 | 1 0 | 0 | 0 | 0 | 1 | 1 | 0 | 
1 1 0 0 1 0 | 1 1 | 0 | 0 | 1 | 1 | 0 | 0 | 
1 1 0 0 1 1 | 1 1 | 0 | 1 | 0 | 0 | 1 | 0 | 
1 1 0 1 0 0 | 0 1 | 0 | 1 | 1 | 0 | 0 | 0 | 
1 1 0 1 0 1 | 0 1 | 0 | 1 | 1 | 1 | 1 | 0 | 
1 1 0 1 1 0 | 0 0 | 1 | 0 | 0 | 1 | 0 | 0 | 
1 1 0 1 1 1 | 0 0 | 1 | 0 | 1 | 0 | 1 | 0 | 
1 1 1 0 0 0 | 0 0 | 0 | 0 | 0 | 0 | 0 | 0 | 
1 1 1 0 0 1 | 0 0 | 0 | 0 | 0 | 1 | 1 | 1 | 
1 1 1 0 1 0 | 0 1 | 0 | 0 | 1 | 1 | 1 | 0 | 
1 1 1 0 1 1 | 0 1 | 0 | 1 | 0 | 1 | 0 | 1 | 
1 1 1 1 0 0 | 0 1 | 0 | 1 | 1 | 1 | 0 | 0 | 
1 1 1 1 0 1 | 0 1 | 1 | 0 | 0 | 0 | 1 | 1 | 
1 1 1 1 1 0 | 0 0 | 1 | 0 | 1 | 0 | 1 | 0 | 
1 1 1 1 1 1 | 0 0 | 1 | 1 | 0 | 0 | 0 | 1 | 




 Evolucao!!!!  Geracao: 1. 	 Melhor rank ate esta geracao: 139 	 Valor do Multiplicador de Mutacoes : 1 

1 | 5 3 500 | 4 3 400 | 5 7 400 | 2 1 400 | 6 10 500 | 2 9 100 | 4 9 400 | 10 9 200 | 13 14 400 | 12 7 200 | 8 | 139
1 | 4 6 100 | 1 5 100 | 8 6 100 | 6 7 300 | 3 6 400 | 3 4 500 | 2 7 400 | 3 1 100 | 6 13 500 | 5 4 500 | 16 | -1



 Evolucao!!!!  Geracao: 2. 	 Melhor rank ate esta geracao: 228 	 Valor do Multiplicador de Mutacoes : 1 

1 | 5 3 500 | 4 3 400 | 5 7 400 | 2 1 400 | 6 10 500 | 2 9 100 | 4 9 400 | 10 9 200 | 13 14 400 | 12 7 200 | 8 | 228
1 | 4 6 100 | 1 5 100 | 8 6 100 | 6 7 300 | 3 5 400 | 3 4 500 | 2 7 400 | 12 1 100 | 6 13 500 | 13 4 500 | 16 | -1



 Evolucao!!!!  Geracao: 9. 	 Melhor rank ate esta geracao: 269 	 Valor do Multiplicador de Mutacoes : 1 

1 | 5 3 500 | 4 3 400 | 5 7 400 | 2 1 400 | 6 10 400 | 2 9 100 | 4 9 400 | 10 9 200 | 13 14 400 | 12 7 200 | 8 | 269
1 | 5 6 100 | 1 3 100 | 8 6 100 | 6 7 300 | 3 5 400 | 3 4 500 | 2 7 400 | 12 1 100 | 6 13 500 | 13 4 500 | 16 | -1



 Evolucao!!!!  Geracao: 11. 	 Melhor rank ate esta geracao: 283 	 Valor do Multiplicador de Mutacoes : 1 

1 | 5 3 500 | 4 3 400 | 5 6 400 | 2 1 400 | 6 10 400 | 2 9 100 | 4 9 400 | 10 9 200 | 13 14 400 | 12 7 200 | 8 | 283
1 | 5 3 100 | 1 3 100 | 8 6 100 | 6 7 300 | 3 5 400 | 3 4 100 | 2 7 400 | 12 1 100 | 6 13 500 | 13 4 500 | 16 | -1



 Evolucao!!!!  Geracao: 30. 	 Melhor rank ate esta geracao: 310 	 Valor do Multiplicador de Mutacoes : 1 

1 | 5 3 500 | 4 2 400 | 5 6 400 | 2 1 400 | 6 10 400 | 2 9 100 | 4 9 400 | 10 9 200 | 13 14 400 | 12 1 200 | 8 | 310
1 | 5 3 100 | 1 3 100 | 8 6 100 | 6 7 300 | 3 5 300 | 3 4 100 | 2 7 400 | 12 1 100 | 6 13 500 | 13 4 500 | 16 | -1



 Evolucao!!!!  Geracao: 31. 	 Melhor rank ate esta geracao: 324 	 Valor do Multiplicador de Mutacoes : 1 

1 | 5 6 500 | 4 2 400 | 5 6 400 | 2 1 400 | 6 10 400 | 2 9 100 | 4 9 400 | 10 9 200 | 13 14 400 | 12 1 200 | 8 | 324
1 | 5 3 100 | 1 3 100 | 8 6 100 | 6 7 300 | 3 5 300 | 3 4 100 | 2 9 400 | 12 6 100 | 6 13 500 | 13 4 500 | 16 | -1



 Evolucao!!!!  Geracao: 42. 	 Melhor rank ate esta geracao: 327 	 Valor do Multiplicador de Mutacoes : 1 

1 | 5 6 500 | 4 2 400 | 5 6 400 | 2 1 400 | 6 10 400 | 2 9 100 | 4 9 400 | 10 9 200 | 13 14 400 | 12 1 200 | 15 | 327
1 | 5 3 100 | 1 3 100 | 8 6 100 | 6 7 300 | 3 5 300 | 3 4 100 | 7 9 400 | 12 6 100 | 6 13 500 | 13 9 500 | 16 | -1



 Evolucao!!!!  Geracao: 46. 	 Melhor rank ate esta geracao: 328 	 Valor do Multiplicador de Mutacoes : 1 

1 | 5 6 500 | 4 2 400 | 5 6 400 | 2 1 400 | 6 10 400 | 2 9 100 | 4 9 400 | 10 9 200 | 13 14 400 | 12 1 200 | 15 | 328
1 | 5 3 100 | 1 3 100 | 8 6 100 | 6 7 400 | 3 5 300 | 3 4 100 | 3 9 400 | 12 6 100 | 6 13 500 | 13 9 500 | 16 | -1



 Evolucao!!!!  Geracao: 47. 	 Melhor rank ate esta geracao: 338 	 Valor do Multiplicador de Mutacoes : 1 

1 | 5 6 500 | 4 2 400 | 5 6 400 | 2 1 400 | 6 10 400 | 2 9 100 | 4 9 400 | 10 9 200 | 13 14 400 | 12 1 200 | 15 | 338
1 | 5 3 100 | 1 3 100 | 8 6 100 | 6 7 400 | 3 5 300 | 3 4 100 | 7 9 400 | 12 6 100 | 4 13 500 | 13 8 500 | 16 | -1



 Evolucao!!!!  Geracao: 55. 	 Melhor rank ate esta geracao: 351 	 Valor do Multiplicador de Mutacoes : 1 

1 | 5 6 500 | 4 2 400 | 5 6 400 | 3 1 400 | 7 10 400 | 2 9 100 | 4 9 400 | 10 9 200 | 13 14 400 | 12 1 200 | 15 | 351
1 | 5 3 100 | 1 3 100 | 8 6 100 | 6 8 400 | 3 5 300 | 3 4 100 | 7 9 400 | 12 6 100 | 4 13 500 | 13 8 500 | 16 | -1



 Evolucao!!!!  Geracao: 61. 	 Melhor rank ate esta geracao: 358 	 Valor do Multiplicador de Mutacoes : 1 

1 | 5 6 500 | 4 2 500 | 5 2 400 | 3 1 400 | 7 10 400 | 2 9 100 | 4 9 400 | 10 9 200 | 13 14 400 | 12 1 200 | 15 | 358
1 | 5 3 100 | 1 3 100 | 8 6 100 | 6 8 400 | 3 5 200 | 3 4 100 | 7 9 400 | 12 6 100 | 4 13 500 | 13 8 500 | 16 | -1



 Evolucao!!!!  Geracao: 79. 	 Melhor rank ate esta geracao: 365 	 Valor do Multiplicador de Mutacoes : 1 

1 | 5 6 500 | 4 2 500 | 5 2 400 | 3 1 400 | 7 10 400 | 2 9 100 | 4 9 400 | 10 9 200 | 13 14 400 | 6 1 200 | 15 | 365
1 | 5 3 100 | 1 3 100 | 8 6 100 | 6 8 400 | 3 5 200 | 3 4 100 | 7 9 400 | 12 6 100 | 4 13 500 | 3 8 500 | 16 | -1



 Evolucao!!!!  Geracao: 1483. 	 Melhor rank ate esta geracao: 371 	 Valor do Multiplicador de Mutacoes : 1 

1 | 5 6 500 | 4 2 400 | 5 2 400 | 8 1 400 | 7 10 400 | 2 9 100 | 4 9 400 | 10 9 200 | 13 14 400 | 6 1 200 | 15 | 371
1 | 5 3 100 | 1 3 100 | 8 6 100 | 6 8 400 | 3 5 200 | 3 4 100 | 7 9 400 | 12 6 100 | 4 13 500 | 3 8 500 | 16 | -1



 Evolucao!!!!  Geracao: 1512. 	 Melhor rank ate esta geracao: 387 	 Valor do Multiplicador de Mutacoes : 1 

1 | 5 6 500 | 4 2 400 | 5 2 400 | 8 1 400 | 7 10 400 | 2 9 100 | 4 9 400 | 10 9 200 | 13 14 400 | 4 1 200 | 15 | 387
1 | 5 3 100 | 1 3 300 | 8 6 100 | 6 8 400 | 3 5 200 | 3 4 100 | 7 9 400 | 12 6 100 | 4 13 500 | 3 10 500 | 16 | -1



 Evolucao!!!!  Geracao: 1940. 	 Melhor rank ate esta geracao: 402 	 Valor do Multiplicador de Mutacoes : 1 

1 | 5 6 500 | 4 2 400 | 5 2 300 | 8 1 400 | 7 10 400 | 2 9 100 | 4 9 400 | 10 9 200 | 13 14 400 | 4 1 200 | 15 | 402
1 | 5 3 100 | 1 3 300 | 8 6 100 | 6 8 400 | 3 5 200 | 3 4 100 | 7 9 400 | 12 6 100 | 4 13 500 | 3 10 500 | 14 | -1



 Evolucao!!!!  Geracao: 1969. 	 Melhor rank ate esta geracao: 408 	 Valor do Multiplicador de Mutacoes : 1 

1 | 5 6 500 | 4 2 400 | 5 2 300 | 8 1 400 | 7 10 400 | 2 9 100 | 4 9 400 | 10 9 200 | 13 14 400 | 4 1 200 | 15 | 408
1 | 5 3 100 | 1 3 300 | 8 6 100 | 6 8 400 | 6 3 200 | 1 4 100 | 7 9 400 | 12 6 100 | 4 13 500 | 3 10 500 | 14 | -1



 Evolucao!!!!  Geracao: 2879. 	 Melhor rank ate esta geracao: 429 	 Valor do Multiplicador de Mutacoes : 1 

1 | 5 6 500 | 4 2 400 | 5 2 300 | 8 1 400 | 7 10 400 | 2 9 100 | 4 9 400 | 10 9 200 | 13 14 400 | 4 1 200 | 15 | 429
1 | 5 3 100 | 1 3 300 | 8 6 100 | 2 8 400 | 6 3 100 | 1 4 100 | 7 9 400 | 12 11 100 | 4 13 500 | 3 10 500 | 14 | -1



 Evolucao!!!!  Geracao: 1121885. 	 Melhor rank ate esta geracao: 435 	 Valor do Multiplicador de Mutacoes : 1 

1 | 5 6 500 | 4 2 400 | 5 2 300 | 8 1 400 | 7 10 400 | 2 9 100 | 4 9 400 | 10 9 200 | 13 14 400 | 4 1 200 | 15 | 435
1 | 5 3 100 | 2 5 300 | 8 6 100 | 2 8 400 | 9 3 100 | 1 4 100 | 7 9 400 | 12 11 100 | 4 13 500 | 3 10 500 | 14 | -1



A A A B B B |C0 C1|S0 |S1 |S2 |S3 |S4 |S5 |
------------------------------------------|
0 0 0 0 0 0 | 0 0 | 0 | 0 | 0 | 0 | 0 | 0 | 
0 0 0 0 0 1 | 0 0 | 0 | 0 | 0 | 0 | 0 | 0 | 
0 0 0 0 1 0 | 0 0 | 0 | 0 | 0 | 0 | 0 | 0 | 
0 0 0 0 1 1 | 0 0 | 0 | 0 | 0 | 0 | 0 | 0 | 
0 0 0 1 0 0 | 0 0 | 0 | 0 | 0 | 0 | 0 | 0 | 
0 0 0 1 0 1 | 0 0 | 0 | 0 | 0 | 0 | 0 | 0 | 
0 0 0 1 1 0 | 0 0 | 0 | 0 | 0 | 0 | 0 | 0 | 
0 0 0 1 1 1 | 0 0 | 0 | 0 | 0 | 0 | 0 | 0 | 
0 0 1 0 0 0 | 0 0 | 0 | 0 | 0 | 0 | 0 | 0 | 
0 0 1 0 0 1 | 0 0 | 0 | 0 | 0 | 0 | 0 | 1 | 
0 0 1 0 1 0 | 0 0 | 0 | 0 | 0 | 0 | 1 | 0 | 
0 0 1 0 1 1 | 0 0 | 0 | 0 | 0 | 0 | 1 | 1 | 
0 0 1 1 0 0 | 0 0 | 0 | 0 | 0 | 1 | 0 | 0 | 
0 0 1 1 0 1 | 0 0 | 0 | 0 | 0 | 1 | 0 | 1 | 
0 0 1 1 1 0 | 0 0 | 0 | 0 | 0 | 1 | 1 | 0 | 
0 0 1 1 1 1 | 0 0 | 0 | 0 | 0 | 1 | 1 | 1 | 
0 1 0 0 0 0 | 0 0 | 0 | 0 | 0 | 0 | 0 | 0 | 
0 1 0 0 0 1 | 0 0 | 0 | 0 | 0 | 0 | 1 | 0 | 
0 1 0 0 1 0 | 0 0 | 0 | 0 | 0 | 1 | 0 | 0 | 
0 1 0 0 1 1 | 0 0 | 0 | 0 | 0 | 1 | 1 | 0 | 
0 1 0 1 0 0 | 0 0 | 0 | 0 | 1 | 0 | 0 | 0 | 
0 1 0 1 0 1 | 0 0 | 0 | 0 | 1 | 0 | 1 | 0 | 
0 1 0 1 1 0 | 0 0 | 0 | 0 | 1 | 1 | 0 | 0 | 
0 1 0 1 1 1 | 0 0 | 0 | 0 | 1 | 1 | 1 | 0 | 
0 1 1 0 0 0 | 0 0 | 0 | 0 | 0 | 0 | 0 | 0 | 
0 1 1 0 0 1 | 0 0 | 0 | 0 | 0 | 0 | 1 | 1 | 
0 1 1 0 1 0 | 0 0 | 0 | 0 | 0 | 1 | 1 | 0 | 
0 1 1 0 1 1 | 0 0 | 0 | 0 | 1 | 0 | 0 | 1 | 
0 1 1 1 0 0 | 0 0 | 0 | 0 | 1 | 1 | 0 | 0 | 
0 1 1 1 0 1 | 0 0 | 0 | 0 | 1 | 1 | 1 | 1 | 
0 1 1 1 1 0 | 0 0 | 0 | 1 | 0 | 0 | 1 | 0 | 
0 1 1 1 1 1 | 0 0 | 0 | 1 | 0 | 1 | 0 | 1 | 
1 0 0 0 0 0 | 0 0 | 0 | 0 | 0 | 0 | 0 | 0 | 
1 0 0 0 0 1 | 0 0 | 0 | 0 | 0 | 1 | 0 | 0 | 
1 0 0 0 1 0 | 0 0 | 0 | 0 | 1 | 0 | 0 | 0 | 
1 0 0 0 1 1 | 0 0 | 0 | 0 | 1 | 1 | 0 | 0 | 
1 0 0 1 0 0 | 0 0 | 0 | 1 | 0 | 0 | 0 | 0 | 
1 0 0 1 0 1 | 0 0 | 0 | 1 | 0 | 1 | 0 | 0 | 
1 0 0 1 1 0 | 0 0 | 0 | 1 | 1 | 0 | 0 | 0 | 
1 0 0 1 1 1 | 0 0 | 0 | 1 | 1 | 1 | 0 | 0 | 
1 0 1 0 0 0 | 0 0 | 0 | 0 | 0 | 0 | 0 | 0 | 
1 0 1 0 0 1 | 0 0 | 0 | 0 | 0 | 1 | 0 | 1 | 
1 0 1 0 1 0 | 0 0 | 0 | 0 | 1 | 0 | 1 | 0 | 
1 0 1 0 1 1 | 0 0 | 0 | 0 | 1 | 1 | 1 | 1 | 
1 0 1 1 0 0 | 0 0 | 0 | 1 | 0 | 1 | 0 | 0 | 
1 0 1 1 0 1 | 0 0 | 0 | 1 | 1 | 0 | 0 | 1 | 
1 0 1 1 1 0 | 0 0 | 0 | 1 | 1 | 1 | 1 | 0 | 
1 0 1 1 1 1 | 0 1 | 1 | 0 | 0 | 0 | 1 | 1 | 
1 1 0 0 0 0 | 0 0 | 0 | 0 | 0 | 0 | 0 | 0 | 
1 1 0 0 0 1 | 0 0 | 0 | 0 | 0 | 1 | 1 | 0 | 
1 1 0 0 1 0 | 0 0 | 0 | 0 | 1 | 1 | 0 | 0 | 
1 1 0 0 1 1 | 0 0 | 0 | 1 | 0 | 0 | 1 | 0 | 
1 1 0 1 0 0 | 0 0 | 0 | 1 | 1 | 0 | 0 | 0 | 
1 1 0 1 0 1 | 0 0 | 0 | 1 | 1 | 1 | 1 | 0 | 
1 1 0 1 1 0 | 1 0 | 1 | 0 | 0 | 1 | 0 | 0 | 
1 1 0 1 1 1 | 1 0 | 1 | 0 | 1 | 0 | 1 | 0 | 
1 1 1 0 0 0 | 0 0 | 0 | 0 | 0 | 0 | 0 | 0 | 
1 1 1 0 0 1 | 0 0 | 0 | 0 | 0 | 1 | 1 | 1 | 
1 1 1 0 1 0 | 0 0 | 0 | 0 | 1 | 1 | 1 | 0 | 
1 1 1 0 1 1 | 0 0 | 0 | 1 | 0 | 1 | 0 | 1 | 
1 1 1 1 0 0 | 0 0 | 0 | 1 | 1 | 1 | 0 | 0 | 
1 1 1 1 0 1 | 0 1 | 1 | 0 | 0 | 0 | 1 | 1 | 
1 1 1 1 1 0 | 1 0 | 1 | 0 | 1 | 0 | 1 | 0 | 
1 1 1 1 1 1 | 1 0 | 1 | 1 | 0 | 0 | 0 | 1 | 


Encontrado na geracao : 1121895 
Com Rank : 454 
Temos como Individuo que soluciona S0 : 
1 | 5 6 500 | 4 2 400 | 5 2 300 | 8 1 400 | 7 10 400 | 2 9 100 | 4 9 400 | 10 9 200 | 13 14 400 | 4 1 200 | 15 | 454
1 | 5 3 100 | 2 5 500 | 8 6 100 | 5 8 400 | 9 3 100 | 1 4 100 | 7 9 400 | 12 11 100 | 4 13 500 | 3 10 500 | 14 | -1


Situacao de cada porta do MUX00 : 
0 1 1 -1 
Legenda 
porta travada em zero = 0 
porta travada em um = 1 
porta nao utilizada = -1 
porta com necessidade de mais um MUX = 2 

Numero de vezes que cada porta do MUX00 foi utilizada : 
58 2 4 0 