N1 : 3 
N2 : 3 
LINHAS : 64 
COLUNAS : 6 

MAXIMO_MUTACOES : 3 
NUMERO_MAX_GERACOES : 3000000 
GERACOES_SEM_MUDANCA : 300000 
PERSISTENCIA : 1000 
INDIVIDUOS_POR_GERACAO : 4 
QTD_CH : 2 

NUMERO_PORTAS : 5 
AND : 100 
OR : 200 
NAND : 300 NOR : 400 
XOR : 500 
LINHAS_NOS : 2 
COLUNAS_NOS : 5 
NUMERO_NOS : 16 


Matriz Topologia : 

7 9 11 13 15 
8 10 12 14 16 



A A A B B B |C0 C1|S0 |S1 |S2 |S3 |S4 |S5 |
------------------------------------------|
0 0 0 0 0 0 | 0 0 | 0 | 0 | 0 | 0 | 0 | 0 | 
0 0 0 0 0 1 | 0 0 | 0 | 0 | 0 | 0 | 0 | 0 | 
0 0 0 0 1 0 | 0 0 | 0 | 0 | 0 | 0 | 0 | 0 | 
0 0 0 0 1 1 | 0 0 | 0 | 0 | 0 | 0 | 0 | 0 | 
0 0 0 1 0 0 | 0 0 | 0 | 0 | 0 | 0 | 0 | 0 | 
0 0 0 1 0 1 | 0 0 | 0 | 0 | 0 | 0 | 0 | 0 | 
0 0 0 1 1 0 | 0 0 | 0 | 0 | 0 | 0 | 0 | 0 | 
0 0 0 1 1 1 | 0 0 | 0 | 0 | 0 | 0 | 0 | 0 | 
0 0 1 0 0 0 | 0 0 | 0 | 0 | 0 | 0 | 0 | 0 | 
0 0 1 0 0 1 | 0 0 | 0 | 0 | 0 | 0 | 0 | 1 | 
0 0 1 0 1 0 | 0 0 | 0 | 0 | 0 | 0 | 1 | 0 | 
0 0 1 0 1 1 | 0 0 | 0 | 0 | 0 | 0 | 1 | 1 | 
0 0 1 1 0 0 | 0 0 | 0 | 0 | 0 | 1 | 0 | 0 | 
0 0 1 1 0 1 | 0 0 | 0 | 0 | 0 | 1 | 0 | 1 | 
0 0 1 1 1 0 | 0 0 | 0 | 0 | 0 | 1 | 1 | 0 | 
0 0 1 1 1 1 | 0 0 | 0 | 0 | 0 | 1 | 1 | 1 | 
0 1 0 0 0 0 | 1 0 | 0 | 0 | 0 | 0 | 0 | 0 | 
0 1 0 0 0 1 | 1 0 | 0 | 0 | 0 | 0 | 1 | 0 | 
0 1 0 0 1 0 | 1 0 | 0 | 0 | 0 | 1 | 0 | 0 | 
0 1 0 0 1 1 | 1 0 | 0 | 0 | 0 | 1 | 1 | 0 | 
0 1 0 1 0 0 | 1 0 | 0 | 0 | 1 | 0 | 0 | 0 | 
0 1 0 1 0 1 | 1 0 | 0 | 0 | 1 | 0 | 1 | 0 | 
0 1 0 1 1 0 | 1 0 | 0 | 0 | 1 | 1 | 0 | 0 | 
0 1 0 1 1 1 | 1 0 | 0 | 0 | 1 | 1 | 1 | 0 | 
0 1 1 0 0 0 | 1 0 | 0 | 0 | 0 | 0 | 0 | 0 | 
0 1 1 0 0 1 | 1 0 | 0 | 0 | 0 | 0 | 1 | 1 | 
0 1 1 0 1 0 | 1 0 | 0 | 0 | 0 | 1 | 1 | 0 | 
0 1 1 0 1 1 | 1 0 | 0 | 0 | 1 | 0 | 0 | 1 | 
0 1 1 1 0 0 | 1 0 | 0 | 0 | 1 | 1 | 0 | 0 | 
0 1 1 1 0 1 | 1 0 | 0 | 0 | 1 | 1 | 1 | 1 | 
0 1 1 1 1 0 | 1 0 | 0 | 1 | 0 | 0 | 1 | 0 | 
0 1 1 1 1 1 | 1 0 | 0 | 1 | 0 | 1 | 0 | 1 | 
1 0 0 0 0 0 | 0 1 | 0 | 0 | 0 | 0 | 0 | 0 | 
1 0 0 0 0 1 | 0 1 | 0 | 0 | 0 | 1 | 0 | 0 | 
1 0 0 0 1 0 | 0 1 | 0 | 0 | 1 | 0 | 0 | 0 | 
1 0 0 0 1 1 | 0 1 | 0 | 0 | 1 | 1 | 0 | 0 | 
1 0 0 1 0 0 | 0 1 | 0 | 1 | 0 | 0 | 0 | 0 | 
1 0 0 1 0 1 | 0 1 | 0 | 1 | 0 | 1 | 0 | 0 | 
1 0 0 1 1 0 | 0 1 | 0 | 1 | 1 | 0 | 0 | 0 | 
1 0 0 1 1 1 | 0 1 | 0 | 1 | 1 | 1 | 0 | 0 | 
1 0 1 0 0 0 | 0 1 | 0 | 0 | 0 | 0 | 0 | 0 | 
1 0 1 0 0 1 | 0 1 | 0 | 0 | 0 | 1 | 0 | 1 | 
1 0 1 0 1 0 | 0 1 | 0 | 0 | 1 | 0 | 1 | 0 | 
1 0 1 0 1 1 | 0 1 | 0 | 0 | 1 | 1 | 1 | 1 | 
1 0 1 1 0 0 | 0 1 | 0 | 1 | 0 | 1 | 0 | 0 | 
1 0 1 1 0 1 | 0 1 | 0 | 1 | 1 | 0 | 0 | 1 | 
1 0 1 1 1 0 | 0 1 | 0 | 1 | 1 | 1 | 1 | 0 | 
1 0 1 1 1 1 | 0 1 | 1 | 0 | 0 | 0 | 1 | 1 | 
1 1 0 0 0 0 | 1 1 | 0 | 0 | 0 | 0 | 0 | 0 | 
1 1 0 0 0 1 | 1 1 | 0 | 0 | 0 | 1 | 1 | 0 | 
1 1 0 0 1 0 | 1 1 | 0 | 0 | 1 | 1 | 0 | 0 | 
1 1 0 0 1 1 | 1 1 | 0 | 1 | 0 | 0 | 1 | 0 | 
1 1 0 1 0 0 | 1 1 | 0 | 1 | 1 | 0 | 0 | 0 | 
1 1 0 1 0 1 | 1 1 | 0 | 1 | 1 | 1 | 1 | 0 | 
1 1 0 1 1 0 | 1 1 | 1 | 0 | 0 | 1 | 0 | 0 | 
1 1 0 1 1 1 | 1 1 | 1 | 0 | 1 | 0 | 1 | 0 | 
1 1 1 0 0 0 | 1 1 | 0 | 0 | 0 | 0 | 0 | 0 | 
1 1 1 0 0 1 | 1 1 | 0 | 0 | 0 | 1 | 1 | 1 | 
1 1 1 0 1 0 | 1 1 | 0 | 0 | 1 | 1 | 1 | 0 | 
1 1 1 0 1 1 | 1 1 | 0 | 1 | 0 | 1 | 0 | 1 | 
1 1 1 1 0 0 | 1 1 | 0 | 1 | 1 | 1 | 0 | 0 | 
1 1 1 1 0 1 | 1 1 | 1 | 0 | 0 | 0 | 1 | 1 | 
1 1 1 1 1 0 | 1 1 | 1 | 0 | 1 | 0 | 1 | 0 | 
1 1 1 1 1 1 | 1 1 | 1 | 1 | 0 | 0 | 0 | 1 | 




 Evolucao!!!!  Geracao: 1. 	 Melhor rank ate esta geracao: 11 	 Valor do Multiplicador de Mutacoes : 1 

1 | 2 1 500 | 4 3 100 | 7 4 500 | 6 3 100 | 5 7 200 | 10 1 400 | 12 5 500 | 6 8 400 | 9 2 200 | 6 2 500 | 12 | 11
1 | 2 3 300 | 2 4 100 | 1 5 100 | 4 5 200 | 8 6 300 | 9 6 200 | 5 4 200 | 11 7 400 | 2 12 500 | 13 2 400 | 1 | -1



 Evolucao!!!!  Geracao: 5. 	 Melhor rank ate esta geracao: 16 	 Valor do Multiplicador de Mutacoes : 1 

1 | 2 1 100 | 4 3 100 | 7 4 500 | 4 1 100 | 5 7 200 | 10 1 400 | 12 5 500 | 6 8 400 | 9 2 200 | 6 2 500 | 12 | 16
1 | 2 3 300 | 2 4 100 | 1 5 100 | 4 5 200 | 8 6 300 | 9 6 200 | 5 4 200 | 11 7 400 | 2 12 500 | 13 2 400 | 1 | -1



 Evolucao!!!!  Geracao: 44. 	 Melhor rank ate esta geracao: 33 	 Valor do Multiplicador de Mutacoes : 1 

1 | 2 1 100 | 4 3 100 | 7 4 500 | 4 1 100 | 5 7 200 | 10 1 400 | 12 5 500 | 3 8 400 | 9 2 200 | 6 2 500 | 12 | 33
1 | 2 3 300 | 2 4 100 | 1 5 100 | 4 5 200 | 8 6 300 | 9 6 200 | 5 4 200 | 11 7 400 | 2 12 500 | 12 2 400 | 16 | -1



 Evolucao!!!!  Geracao: 47. 	 Melhor rank ate esta geracao: 47 	 Valor do Multiplicador de Mutacoes : 1 

1 | 2 1 100 | 4 3 100 | 7 4 500 | 4 1 100 | 5 7 200 | 10 1 400 | 12 5 200 | 3 8 400 | 9 2 200 | 6 2 500 | 12 | 47
1 | 2 3 300 | 2 4 100 | 1 5 100 | 4 5 200 | 8 6 300 | 9 6 200 | 5 4 200 | 11 7 400 | 2 12 500 | 12 8 400 | 16 | -1



 Evolucao!!!!  Geracao: 48. 	 Melhor rank ate esta geracao: 61 	 Valor do Multiplicador de Mutacoes : 1 

1 | 2 1 100 | 4 3 100 | 6 4 500 | 4 1 100 | 5 7 200 | 10 1 400 | 12 5 200 | 3 5 400 | 9 2 200 | 6 2 500 | 12 | 61
1 | 2 3 300 | 2 6 100 | 1 5 100 | 4 5 200 | 8 6 300 | 9 6 200 | 5 4 200 | 11 7 400 | 2 12 500 | 12 8 400 | 16 | -1



 Evolucao!!!!  Geracao: 49. 	 Melhor rank ate esta geracao: 86 	 Valor do Multiplicador de Mutacoes : 1 

1 | 2 1 100 | 4 3 100 | 6 4 500 | 8 1 100 | 5 7 200 | 10 1 400 | 12 5 200 | 3 5 400 | 9 2 200 | 6 2 500 | 12 | 86
1 | 2 3 300 | 2 6 100 | 1 5 100 | 4 5 200 | 7 6 300 | 9 6 200 | 5 4 200 | 11 7 400 | 2 12 500 | 10 8 400 | 16 | -1



 Evolucao!!!!  Geracao: 50. 	 Melhor rank ate esta geracao: 92 	 Valor do Multiplicador de Mutacoes : 1 

1 | 2 1 100 | 4 3 100 | 6 4 500 | 8 1 100 | 5 7 200 | 10 1 300 | 12 5 200 | 3 7 400 | 9 2 200 | 6 2 500 | 12 | 92
1 | 2 3 400 | 2 6 100 | 1 5 100 | 4 5 200 | 7 6 300 | 9 6 200 | 5 4 200 | 11 7 400 | 2 12 500 | 10 8 400 | 16 | -1



 Evolucao!!!!  Geracao: 51. 	 Melhor rank ate esta geracao: 97 	 Valor do Multiplicador de Mutacoes : 1 

1 | 2 1 100 | 4 3 100 | 6 4 200 | 8 1 400 | 5 7 200 | 10 1 300 | 12 5 200 | 3 7 400 | 9 2 100 | 6 2 500 | 12 | 97
1 | 2 3 400 | 2 6 100 | 1 5 100 | 4 5 200 | 7 6 300 | 9 6 200 | 5 4 200 | 11 7 400 | 2 12 500 | 10 8 400 | 16 | -1



 Evolucao!!!!  Geracao: 53. 	 Melhor rank ate esta geracao: 182 	 Valor do Multiplicador de Mutacoes : 1 

1 | 2 1 100 | 4 3 100 | 6 4 200 | 8 1 400 | 5 7 200 | 10 1 300 | 12 5 200 | 3 7 400 | 9 2 300 | 6 2 500 | 12 | 182
1 | 2 3 400 | 2 6 100 | 1 5 100 | 4 5 200 | 7 6 300 | 9 6 200 | 5 4 200 | 11 7 400 | 2 12 500 | 3 8 400 | 16 | -1



 Evolucao!!!!  Geracao: 54. 	 Melhor rank ate esta geracao: 183 	 Valor do Multiplicador de Mutacoes : 1 

1 | 2 1 100 | 4 3 100 | 6 4 200 | 8 1 400 | 5 7 200 | 10 4 300 | 12 5 200 | 3 7 400 | 9 2 300 | 6 2 500 | 12 | 183
1 | 2 3 400 | 2 6 100 | 1 5 100 | 4 5 200 | 2 6 300 | 9 2 200 | 5 4 200 | 11 7 400 | 2 12 500 | 3 8 400 | 16 | -1



 Evolucao!!!!  Geracao: 63. 	 Melhor rank ate esta geracao: 197 	 Valor do Multiplicador de Mutacoes : 1 

1 | 2 1 100 | 4 3 100 | 6 4 200 | 8 1 400 | 5 7 200 | 10 4 300 | 12 5 200 | 3 7 400 | 9 2 300 | 6 2 100 | 14 | 197
1 | 2 3 400 | 2 6 100 | 1 5 100 | 4 5 200 | 2 6 300 | 9 2 200 | 5 4 200 | 11 7 500 | 2 12 500 | 3 8 400 | 16 | -1



 Evolucao!!!!  Geracao: 68. 	 Melhor rank ate esta geracao: 231 	 Valor do Multiplicador de Mutacoes : 1 

1 | 3 1 100 | 4 3 100 | 3 4 200 | 8 1 400 | 5 7 200 | 10 4 300 | 12 5 200 | 3 7 400 | 9 2 300 | 6 2 100 | 14 | 231
1 | 2 3 400 | 2 6 100 | 1 5 100 | 4 5 200 | 2 6 300 | 9 2 200 | 5 4 200 | 11 7 500 | 2 12 500 | 3 8 400 | 16 | -1



 Evolucao!!!!  Geracao: 22126. 	 Melhor rank ate esta geracao: 312 	 Valor do Multiplicador de Mutacoes : 1 

1 | 3 1 100 | 4 3 100 | 3 4 200 | 8 1 400 | 5 7 400 | 10 4 300 | 12 5 200 | 3 7 400 | 9 2 300 | 6 2 100 | 14 | 312
1 | 2 3 400 | 2 6 100 | 3 5 100 | 4 5 200 | 2 6 300 | 9 2 200 | 5 4 200 | 11 7 500 | 2 12 500 | 9 8 400 | 16 | -1



 Evolucao!!!!  Geracao: 22131. 	 Melhor rank ate esta geracao: 339 	 Valor do Multiplicador de Mutacoes : 1 

1 | 3 1 100 | 4 3 100 | 3 4 200 | 8 1 400 | 5 7 400 | 10 4 300 | 12 5 200 | 3 7 400 | 9 2 300 | 6 2 400 | 15 | 339
1 | 2 3 400 | 2 6 100 | 3 5 100 | 4 5 200 | 2 6 300 | 9 2 200 | 5 4 200 | 11 7 500 | 2 12 500 | 9 8 400 | 16 | -1



 Evolucao!!!!  Geracao: 22132. 	 Melhor rank ate esta geracao: 366 	 Valor do Multiplicador de Mutacoes : 1 

1 | 3 1 100 | 4 3 100 | 3 8 200 | 8 1 400 | 5 7 400 | 10 4 300 | 12 5 200 | 3 7 400 | 9 2 300 | 6 2 400 | 15 | 366
1 | 2 3 400 | 2 6 100 | 3 5 100 | 4 5 200 | 2 6 300 | 9 2 200 | 5 4 200 | 11 7 500 | 2 10 500 | 9 8 400 | 16 | -1



A A A B B B |C0 C1|S0 |S1 |S2 |S3 |S4 |S5 |
------------------------------------------|
0 0 0 0 0 0 | 1 0 | 0 | 0 | 0 | 0 | 0 | 0 | 
0 0 0 0 0 1 | 1 0 | 0 | 0 | 0 | 0 | 0 | 0 | 
0 0 0 0 1 0 | 1 0 | 0 | 0 | 0 | 0 | 0 | 0 | 
0 0 0 0 1 1 | 1 0 | 0 | 0 | 0 | 0 | 0 | 0 | 
0 0 0 1 0 0 | 1 0 | 0 | 0 | 0 | 0 | 0 | 0 | 
0 0 0 1 0 1 | 1 0 | 0 | 0 | 0 | 0 | 0 | 0 | 
0 0 0 1 1 0 | 1 0 | 0 | 0 | 0 | 0 | 0 | 0 | 
0 0 0 1 1 1 | 1 0 | 0 | 0 | 0 | 0 | 0 | 0 | 
0 0 1 0 0 0 | 1 0 | 0 | 0 | 0 | 0 | 0 | 0 | 
0 0 1 0 0 1 | 1 0 | 0 | 0 | 0 | 0 | 0 | 1 | 
0 0 1 0 1 0 | 1 1 | 0 | 0 | 0 | 0 | 1 | 0 | 
0 0 1 0 1 1 | 1 1 | 0 | 0 | 0 | 0 | 1 | 1 | 
0 0 1 1 0 0 | 1 0 | 0 | 0 | 0 | 1 | 0 | 0 | 
0 0 1 1 0 1 | 1 0 | 0 | 0 | 0 | 1 | 0 | 1 | 
0 0 1 1 1 0 | 1 1 | 0 | 0 | 0 | 1 | 1 | 0 | 
0 0 1 1 1 1 | 1 1 | 0 | 0 | 0 | 1 | 1 | 1 | 
0 1 0 0 0 0 | 1 0 | 0 | 0 | 0 | 0 | 0 | 0 | 
0 1 0 0 0 1 | 1 1 | 0 | 0 | 0 | 0 | 1 | 0 | 
0 1 0 0 1 0 | 1 0 | 0 | 0 | 0 | 1 | 0 | 0 | 
0 1 0 0 1 1 | 1 1 | 0 | 0 | 0 | 1 | 1 | 0 | 
0 1 0 1 0 0 | 1 0 | 0 | 0 | 1 | 0 | 0 | 0 | 
0 1 0 1 0 1 | 1 1 | 0 | 0 | 1 | 0 | 1 | 0 | 
0 1 0 1 1 0 | 1 0 | 0 | 0 | 1 | 1 | 0 | 0 | 
0 1 0 1 1 1 | 1 1 | 0 | 0 | 1 | 1 | 1 | 0 | 
0 1 1 0 0 0 | 0 0 | 0 | 0 | 0 | 0 | 0 | 0 | 
0 1 1 0 0 1 | 0 1 | 0 | 0 | 0 | 0 | 1 | 1 | 
0 1 1 0 1 0 | 0 1 | 0 | 0 | 0 | 1 | 1 | 0 | 
0 1 1 0 1 1 | 0 0 | 0 | 0 | 1 | 0 | 0 | 1 | 
0 1 1 1 0 0 | 0 0 | 0 | 0 | 1 | 1 | 0 | 0 | 
0 1 1 1 0 1 | 0 1 | 0 | 0 | 1 | 1 | 1 | 1 | 
0 1 1 1 1 0 | 0 1 | 0 | 1 | 0 | 0 | 1 | 0 | 
0 1 1 1 1 1 | 0 0 | 0 | 1 | 0 | 1 | 0 | 1 | 
1 0 0 0 0 0 | 1 0 | 0 | 0 | 0 | 0 | 0 | 0 | 
1 0 0 0 0 1 | 1 0 | 0 | 0 | 0 | 1 | 0 | 0 | 
1 0 0 0 1 0 | 1 0 | 0 | 0 | 1 | 0 | 0 | 0 | 
1 0 0 0 1 1 | 1 0 | 0 | 0 | 1 | 1 | 0 | 0 | 
1 0 0 1 0 0 | 1 0 | 0 | 1 | 0 | 0 | 0 | 0 | 
1 0 0 1 0 1 | 1 0 | 0 | 1 | 0 | 1 | 0 | 0 | 
1 0 0 1 1 0 | 1 0 | 0 | 1 | 1 | 0 | 0 | 0 | 
1 0 0 1 1 1 | 1 0 | 0 | 1 | 1 | 1 | 0 | 0 | 
1 0 1 0 0 0 | 1 0 | 0 | 0 | 0 | 0 | 0 | 0 | 
1 0 1 0 0 1 | 1 0 | 0 | 0 | 0 | 1 | 0 | 1 | 
1 0 1 0 1 0 | 1 1 | 0 | 0 | 1 | 0 | 1 | 0 | 
1 0 1 0 1 1 | 1 1 | 0 | 0 | 1 | 1 | 1 | 1 | 
1 0 1 1 0 0 | 1 0 | 0 | 1 | 0 | 1 | 0 | 0 | 
1 0 1 1 0 1 | 1 0 | 0 | 1 | 1 | 0 | 0 | 1 | 
1 0 1 1 1 0 | 1 1 | 0 | 1 | 1 | 1 | 1 | 0 | 
1 0 1 1 1 1 | 1 1 | 1 | 0 | 0 | 0 | 1 | 1 | 
1 1 0 0 0 0 | 1 0 | 0 | 0 | 0 | 0 | 0 | 0 | 
1 1 0 0 0 1 | 1 1 | 0 | 0 | 0 | 1 | 1 | 0 | 
1 1 0 0 1 0 | 1 0 | 0 | 0 | 1 | 1 | 0 | 0 | 
1 1 0 0 1 1 | 1 1 | 0 | 1 | 0 | 0 | 1 | 0 | 
1 1 0 1 0 0 | 1 0 | 0 | 1 | 1 | 0 | 0 | 0 | 
1 1 0 1 0 1 | 1 1 | 0 | 1 | 1 | 1 | 1 | 0 | 
1 1 0 1 1 0 | 1 0 | 1 | 0 | 0 | 1 | 0 | 0 | 
1 1 0 1 1 1 | 1 1 | 1 | 0 | 1 | 0 | 1 | 0 | 
1 1 1 0 0 0 | 0 0 | 0 | 0 | 0 | 0 | 0 | 0 | 
1 1 1 0 0 1 | 0 1 | 0 | 0 | 0 | 1 | 1 | 1 | 
1 1 1 0 1 0 | 0 1 | 0 | 0 | 1 | 1 | 1 | 0 | 
1 1 1 0 1 1 | 0 0 | 0 | 1 | 0 | 1 | 0 | 1 | 
1 1 1 1 0 0 | 0 0 | 0 | 1 | 1 | 1 | 0 | 0 | 
1 1 1 1 0 1 | 0 1 | 1 | 0 | 0 | 0 | 1 | 1 | 
1 1 1 1 1 0 | 0 1 | 1 | 0 | 1 | 0 | 1 | 0 | 
1 1 1 1 1 1 | 0 0 | 1 | 1 | 0 | 0 | 0 | 1 | 


Encontrado na geracao : 22180 
Com Rank : 448 
Temos como Individuo que soluciona S4 : 
1 | 3 1 100 | 4 3 100 | 3 8 200 | 8 1 400 | 5 7 400 | 10 4 300 | 12 5 200 | 3 7 400 | 9 2 300 | 6 2 400 | 15 | 448
1 | 2 3 400 | 2 6 100 | 3 5 100 | 4 5 200 | 2 6 300 | 9 2 200 | 5 4 200 | 11 7 500 | 2 6 100 | 9 8 500 | 16 | -1


Situacao de cada porta do MUX00 : 
0 1 0 1 
Legenda 
porta travada em zero = 0 
porta travada em um = 1 
porta nao utilizada = -1 
porta com necessidade de mais um MUX = 2 

Numero de vezes que cada porta do MUX00 foi utilizada : 
8 8 32 16 