N1 : 3 
N2 : 3 
LINHAS : 64 
COLUNAS : 6 

MAXIMO_MUTACOES : 3 
NUMERO_MAX_GERACOES : 3000000 
GERACOES_SEM_MUDANCA : 300000 
PERSISTENCIA : 1000 
INDIVIDUOS_POR_GERACAO : 4 
QTD_CH : 2 

NUMERO_PORTAS : 5 
AND : 100 
OR : 200 
NAND : 300 NOR : 400 
XOR : 500 
LINHAS_NOS : 2 
COLUNAS_NOS : 5 
NUMERO_NOS : 16 


Matriz Topologia : 

7 9 11 13 15 
8 10 12 14 16 



A A A B B B |C0 C1|S0 |S1 |S2 |S3 |S4 |S5 |
------------------------------------------|
0 0 0 0 0 0 | 0 0 | 0 | 0 | 0 | 0 | 0 | 0 | 
0 0 0 0 0 1 | 0 0 | 0 | 0 | 0 | 0 | 0 | 0 | 
0 0 0 0 1 0 | 0 0 | 0 | 0 | 0 | 0 | 0 | 0 | 
0 0 0 0 1 1 | 0 0 | 0 | 0 | 0 | 0 | 0 | 0 | 
0 0 0 1 0 0 | 1 1 | 0 | 0 | 0 | 0 | 0 | 0 | 
0 0 0 1 0 1 | 1 1 | 0 | 0 | 0 | 0 | 0 | 0 | 
0 0 0 1 1 0 | 1 1 | 0 | 0 | 0 | 0 | 0 | 0 | 
0 0 0 1 1 1 | 1 1 | 0 | 0 | 0 | 0 | 0 | 0 | 
0 0 1 0 0 0 | 0 0 | 0 | 0 | 0 | 0 | 0 | 0 | 
0 0 1 0 0 1 | 0 0 | 0 | 0 | 0 | 0 | 0 | 1 | 
0 0 1 0 1 0 | 0 0 | 0 | 0 | 0 | 0 | 1 | 0 | 
0 0 1 0 1 1 | 0 0 | 0 | 0 | 0 | 0 | 1 | 1 | 
0 0 1 1 0 0 | 1 1 | 0 | 0 | 0 | 1 | 0 | 0 | 
0 0 1 1 0 1 | 1 1 | 0 | 0 | 0 | 1 | 0 | 1 | 
0 0 1 1 1 0 | 1 1 | 0 | 0 | 0 | 1 | 1 | 0 | 
0 0 1 1 1 1 | 1 1 | 0 | 0 | 0 | 1 | 1 | 1 | 
0 1 0 0 0 0 | 0 0 | 0 | 0 | 0 | 0 | 0 | 0 | 
0 1 0 0 0 1 | 0 0 | 0 | 0 | 0 | 0 | 1 | 0 | 
0 1 0 0 1 0 | 0 0 | 0 | 0 | 0 | 1 | 0 | 0 | 
0 1 0 0 1 1 | 0 0 | 0 | 0 | 0 | 1 | 1 | 0 | 
0 1 0 1 0 0 | 1 1 | 0 | 0 | 1 | 0 | 0 | 0 | 
0 1 0 1 0 1 | 1 1 | 0 | 0 | 1 | 0 | 1 | 0 | 
0 1 0 1 1 0 | 1 1 | 0 | 0 | 1 | 1 | 0 | 0 | 
0 1 0 1 1 1 | 1 1 | 0 | 0 | 1 | 1 | 1 | 0 | 
0 1 1 0 0 0 | 0 0 | 0 | 0 | 0 | 0 | 0 | 0 | 
0 1 1 0 0 1 | 0 0 | 0 | 0 | 0 | 0 | 1 | 1 | 
0 1 1 0 1 0 | 0 0 | 0 | 0 | 0 | 1 | 1 | 0 | 
0 1 1 0 1 1 | 0 0 | 0 | 0 | 1 | 0 | 0 | 1 | 
0 1 1 1 0 0 | 1 1 | 0 | 0 | 1 | 1 | 0 | 0 | 
0 1 1 1 0 1 | 1 1 | 0 | 0 | 1 | 1 | 1 | 1 | 
0 1 1 1 1 0 | 1 1 | 0 | 1 | 0 | 0 | 1 | 0 | 
0 1 1 1 1 1 | 1 1 | 0 | 1 | 0 | 1 | 0 | 1 | 
1 0 0 0 0 0 | 1 0 | 0 | 0 | 0 | 0 | 0 | 0 | 
1 0 0 0 0 1 | 1 0 | 0 | 0 | 0 | 1 | 0 | 0 | 
1 0 0 0 1 0 | 1 0 | 0 | 0 | 1 | 0 | 0 | 0 | 
1 0 0 0 1 1 | 1 0 | 0 | 0 | 1 | 1 | 0 | 0 | 
1 0 0 1 0 0 | 1 1 | 0 | 1 | 0 | 0 | 0 | 0 | 
1 0 0 1 0 1 | 1 1 | 0 | 1 | 0 | 1 | 0 | 0 | 
1 0 0 1 1 0 | 1 1 | 0 | 1 | 1 | 0 | 0 | 0 | 
1 0 0 1 1 1 | 1 1 | 0 | 1 | 1 | 1 | 0 | 0 | 
1 0 1 0 0 0 | 1 0 | 0 | 0 | 0 | 0 | 0 | 0 | 
1 0 1 0 0 1 | 1 0 | 0 | 0 | 0 | 1 | 0 | 1 | 
1 0 1 0 1 0 | 1 0 | 0 | 0 | 1 | 0 | 1 | 0 | 
1 0 1 0 1 1 | 1 0 | 0 | 0 | 1 | 1 | 1 | 1 | 
1 0 1 1 0 0 | 1 1 | 0 | 1 | 0 | 1 | 0 | 0 | 
1 0 1 1 0 1 | 1 1 | 0 | 1 | 1 | 0 | 0 | 1 | 
1 0 1 1 1 0 | 1 1 | 0 | 1 | 1 | 1 | 1 | 0 | 
1 0 1 1 1 1 | 1 1 | 1 | 0 | 0 | 0 | 1 | 1 | 
1 1 0 0 0 0 | 1 0 | 0 | 0 | 0 | 0 | 0 | 0 | 
1 1 0 0 0 1 | 1 0 | 0 | 0 | 0 | 1 | 1 | 0 | 
1 1 0 0 1 0 | 1 0 | 0 | 0 | 1 | 1 | 0 | 0 | 
1 1 0 0 1 1 | 1 0 | 0 | 1 | 0 | 0 | 1 | 0 | 
1 1 0 1 0 0 | 1 1 | 0 | 1 | 1 | 0 | 0 | 0 | 
1 1 0 1 0 1 | 1 1 | 0 | 1 | 1 | 1 | 1 | 0 | 
1 1 0 1 1 0 | 1 1 | 1 | 0 | 0 | 1 | 0 | 0 | 
1 1 0 1 1 1 | 1 1 | 1 | 0 | 1 | 0 | 1 | 0 | 
1 1 1 0 0 0 | 1 0 | 0 | 0 | 0 | 0 | 0 | 0 | 
1 1 1 0 0 1 | 1 0 | 0 | 0 | 0 | 1 | 1 | 1 | 
1 1 1 0 1 0 | 1 0 | 0 | 0 | 1 | 1 | 1 | 0 | 
1 1 1 0 1 1 | 1 0 | 0 | 1 | 0 | 1 | 0 | 1 | 
1 1 1 1 0 0 | 1 1 | 0 | 1 | 1 | 1 | 0 | 0 | 
1 1 1 1 0 1 | 1 1 | 1 | 0 | 0 | 0 | 1 | 1 | 
1 1 1 1 1 0 | 1 1 | 1 | 0 | 1 | 0 | 1 | 0 | 
1 1 1 1 1 1 | 1 1 | 1 | 1 | 0 | 0 | 0 | 1 | 




 Evolucao!!!!  Geracao: 1. 	 Melhor rank ate esta geracao: 12 	 Valor do Multiplicador de Mutacoes : 1 

1 | 1 4 200 | 2 3 100 | 2 5 500 | 5 6 500 | 8 2 500 | 8 2 200 | 5 6 500 | 3 11 300 | 3 5 200 | 13 6 200 | 7 | 12
1 | 4 6 500 | 6 1 400 | 5 7 200 | 3 4 200 | 4 6 500 | 9 10 300 | 4 6 100 | 2 1 200 | 4 2 400 | 2 5 400 | 4 | -1



 Evolucao!!!!  Geracao: 3. 	 Melhor rank ate esta geracao: 13 	 Valor do Multiplicador de Mutacoes : 1 

1 | 1 4 200 | 2 3 100 | 2 5 500 | 5 6 500 | 8 2 500 | 8 2 200 | 5 6 500 | 3 11 200 | 10 5 200 | 13 6 200 | 7 | 13
1 | 4 6 500 | 6 1 400 | 5 7 200 | 3 4 200 | 4 6 500 | 9 10 300 | 4 6 100 | 2 1 200 | 4 2 400 | 2 5 400 | 11 | -1



 Evolucao!!!!  Geracao: 14. 	 Melhor rank ate esta geracao: 60 	 Valor do Multiplicador de Mutacoes : 1 

1 | 1 4 200 | 2 3 100 | 2 5 500 | 5 6 500 | 8 10 500 | 8 2 500 | 5 6 500 | 3 11 200 | 10 5 200 | 13 6 200 | 7 | 60
1 | 4 6 500 | 6 1 400 | 5 7 200 | 3 4 200 | 4 2 500 | 9 10 300 | 4 6 100 | 2 1 200 | 4 2 400 | 2 5 400 | 11 | -1



 Evolucao!!!!  Geracao: 874. 	 Melhor rank ate esta geracao: 61 	 Valor do Multiplicador de Mutacoes : 1 

1 | 1 4 200 | 2 3 100 | 2 5 500 | 5 6 500 | 8 10 500 | 8 2 500 | 5 6 500 | 3 11 200 | 10 5 200 | 13 6 200 | 7 | 61
1 | 4 6 500 | 6 1 400 | 5 7 200 | 3 4 300 | 10 2 500 | 9 10 300 | 4 6 100 | 7 1 200 | 4 2 400 | 2 5 400 | 11 | -1



 Evolucao!!!!  Geracao: 893. 	 Melhor rank ate esta geracao: 114 	 Valor do Multiplicador de Mutacoes : 1 

1 | 1 2 200 | 2 3 100 | 2 5 500 | 5 6 500 | 8 10 500 | 8 2 500 | 5 6 500 | 3 11 200 | 10 5 200 | 13 6 200 | 7 | 114
1 | 4 6 500 | 6 1 400 | 5 7 200 | 3 4 300 | 10 2 500 | 9 10 300 | 4 6 100 | 7 1 200 | 4 2 200 | 2 5 400 | 11 | -1



 Evolucao!!!!  Geracao: 1039. 	 Melhor rank ate esta geracao: 115 	 Valor do Multiplicador de Mutacoes : 1 

1 | 1 2 200 | 2 4 100 | 2 5 500 | 5 6 500 | 8 4 500 | 8 2 500 | 5 6 500 | 3 11 200 | 10 5 200 | 13 6 200 | 7 | 115
1 | 4 6 500 | 6 1 400 | 5 7 200 | 3 4 300 | 10 1 500 | 9 10 300 | 4 6 100 | 7 1 200 | 4 2 200 | 2 5 400 | 11 | -1



 Evolucao!!!!  Geracao: 1040. 	 Melhor rank ate esta geracao: 116 	 Valor do Multiplicador de Mutacoes : 1 

1 | 1 2 200 | 2 4 100 | 2 5 500 | 5 6 500 | 8 4 500 | 8 2 500 | 5 6 500 | 3 11 200 | 10 5 200 | 13 6 200 | 7 | 116
1 | 4 6 300 | 6 1 400 | 5 7 200 | 3 4 300 | 10 1 200 | 9 10 300 | 4 6 100 | 7 1 200 | 4 11 200 | 2 5 400 | 11 | -1



 Evolucao!!!!  Geracao: 2273. 	 Melhor rank ate esta geracao: 119 	 Valor do Multiplicador de Mutacoes : 1 

1 | 1 2 200 | 2 4 100 | 2 5 500 | 5 6 500 | 8 4 500 | 8 2 500 | 5 6 500 | 3 11 200 | 10 5 200 | 13 6 200 | 7 | 119
1 | 4 6 300 | 6 1 400 | 5 7 200 | 3 4 300 | 10 1 200 | 9 10 300 | 4 6 100 | 7 1 100 | 2 11 200 | 2 5 400 | 15 | -1



 Evolucao!!!!  Geracao: 12452. 	 Melhor rank ate esta geracao: 127 	 Valor do Multiplicador de Mutacoes : 1 

1 | 1 2 200 | 2 4 100 | 2 5 200 | 5 6 500 | 8 4 500 | 8 2 500 | 5 6 500 | 3 11 200 | 10 5 200 | 13 6 200 | 7 | 127
1 | 4 6 300 | 6 1 100 | 5 7 200 | 3 4 300 | 10 8 200 | 9 10 300 | 4 6 100 | 7 1 100 | 2 11 200 | 2 5 400 | 15 | -1



 Evolucao!!!!  Geracao: 12476. 	 Melhor rank ate esta geracao: 155 	 Valor do Multiplicador de Mutacoes : 1 

1 | 1 2 200 | 2 4 100 | 2 5 200 | 5 6 500 | 8 4 500 | 8 2 500 | 5 6 500 | 3 11 300 | 10 5 200 | 13 6 200 | 7 | 155
1 | 4 6 300 | 6 1 100 | 5 7 200 | 3 4 100 | 10 8 200 | 9 10 300 | 4 6 100 | 7 1 500 | 2 11 200 | 2 5 400 | 15 | -1



 Evolucao!!!!  Geracao: 12482. 	 Melhor rank ate esta geracao: 170 	 Valor do Multiplicador de Mutacoes : 1 

1 | 1 2 200 | 2 4 100 | 2 5 200 | 5 6 500 | 8 4 500 | 8 2 500 | 5 6 500 | 3 11 300 | 10 5 200 | 13 6 200 | 7 | 170
1 | 4 6 400 | 6 1 100 | 4 7 200 | 3 4 100 | 10 8 500 | 9 10 300 | 4 6 100 | 7 1 500 | 2 11 200 | 2 5 400 | 15 | -1



 Evolucao!!!!  Geracao: 12536. 	 Melhor rank ate esta geracao: 183 	 Valor do Multiplicador de Mutacoes : 1 

1 | 1 2 200 | 2 4 100 | 2 5 200 | 5 6 500 | 8 4 500 | 8 4 500 | 5 6 500 | 3 11 300 | 10 5 200 | 13 6 200 | 9 | 183
1 | 4 6 400 | 6 1 100 | 4 7 200 | 3 4 100 | 10 8 500 | 9 10 300 | 4 6 100 | 7 1 500 | 2 11 200 | 2 5 400 | 15 | -1



 Evolucao!!!!  Geracao: 12552. 	 Melhor rank ate esta geracao: 231 	 Valor do Multiplicador de Mutacoes : 1 

1 | 1 2 200 | 2 4 100 | 2 8 200 | 5 6 500 | 8 4 500 | 8 4 500 | 5 6 500 | 3 11 300 | 10 1 200 | 13 6 200 | 9 | 231
1 | 4 6 400 | 6 1 100 | 4 7 200 | 3 4 100 | 10 8 500 | 9 10 300 | 4 6 100 | 7 1 500 | 2 11 200 | 2 5 400 | 15 | -1



 Evolucao!!!!  Geracao: 325033. 	 Melhor rank ate esta geracao: 342 	 Valor do Multiplicador de Mutacoes : 14 

1 | 1 2 200 | 1 4 100 | 2 5 100 | 5 6 500 | 5 4 100 | 8 3 500 | 5 6 500 | 3 1 300 | 10 1 200 | 13 5 200 | 9 | 342
1 | 2 1 400 | 6 1 100 | 4 7 200 | 3 4 100 | 10 8 500 | 2 10 300 | 11 8 100 | 9 1 500 | 2 13 100 | 2 8 400 | 11 | -1



A A A B B B |C0 C1|S0 |S1 |S2 |S3 |S4 |S5 |
------------------------------------------|
0 0 0 0 0 0 | 0 0 | 0 | 0 | 0 | 0 | 0 | 0 | 
0 0 0 0 0 1 | 0 0 | 0 | 0 | 0 | 0 | 0 | 0 | 
0 0 0 0 1 0 | 0 0 | 0 | 0 | 0 | 0 | 0 | 0 | 
0 0 0 0 1 1 | 0 0 | 0 | 0 | 0 | 0 | 0 | 0 | 
0 0 0 1 0 0 | 0 0 | 0 | 0 | 0 | 0 | 0 | 0 | 
0 0 0 1 0 1 | 0 0 | 0 | 0 | 0 | 0 | 0 | 0 | 
0 0 0 1 1 0 | 0 0 | 0 | 0 | 0 | 0 | 0 | 0 | 
0 0 0 1 1 1 | 0 0 | 0 | 0 | 0 | 0 | 0 | 0 | 
0 0 1 0 0 0 | 0 0 | 0 | 0 | 0 | 0 | 0 | 0 | 
0 0 1 0 0 1 | 0 0 | 0 | 0 | 0 | 0 | 0 | 1 | 
0 0 1 0 1 0 | 0 0 | 0 | 0 | 0 | 0 | 1 | 0 | 
0 0 1 0 1 1 | 0 0 | 0 | 0 | 0 | 0 | 1 | 1 | 
0 0 1 1 0 0 | 0 1 | 0 | 0 | 0 | 1 | 0 | 0 | 
0 0 1 1 0 1 | 0 1 | 0 | 0 | 0 | 1 | 0 | 1 | 
0 0 1 1 1 0 | 0 1 | 0 | 0 | 0 | 1 | 1 | 0 | 
0 0 1 1 1 1 | 0 1 | 0 | 0 | 0 | 1 | 1 | 1 | 
0 1 0 0 0 0 | 0 0 | 0 | 0 | 0 | 0 | 0 | 0 | 
0 1 0 0 0 1 | 0 0 | 0 | 0 | 0 | 0 | 1 | 0 | 
0 1 0 0 1 0 | 1 0 | 0 | 0 | 0 | 1 | 0 | 0 | 
0 1 0 0 1 1 | 1 0 | 0 | 0 | 0 | 1 | 1 | 0 | 
0 1 0 1 0 0 | 0 0 | 0 | 0 | 1 | 0 | 0 | 0 | 
0 1 0 1 0 1 | 0 0 | 0 | 0 | 1 | 0 | 1 | 0 | 
0 1 0 1 1 0 | 1 0 | 0 | 0 | 1 | 1 | 0 | 0 | 
0 1 0 1 1 1 | 1 0 | 0 | 0 | 1 | 1 | 1 | 0 | 
0 1 1 0 0 0 | 0 0 | 0 | 0 | 0 | 0 | 0 | 0 | 
0 1 1 0 0 1 | 0 0 | 0 | 0 | 0 | 0 | 1 | 1 | 
0 1 1 0 1 0 | 1 0 | 0 | 0 | 0 | 1 | 1 | 0 | 
0 1 1 0 1 1 | 1 0 | 0 | 0 | 1 | 0 | 0 | 1 | 
0 1 1 1 0 0 | 0 1 | 0 | 0 | 1 | 1 | 0 | 0 | 
0 1 1 1 0 1 | 0 1 | 0 | 0 | 1 | 1 | 1 | 1 | 
0 1 1 1 1 0 | 1 1 | 0 | 1 | 0 | 0 | 1 | 0 | 
0 1 1 1 1 1 | 1 1 | 0 | 1 | 0 | 1 | 0 | 1 | 
1 0 0 0 0 0 | 0 0 | 0 | 0 | 0 | 0 | 0 | 0 | 
1 0 0 0 0 1 | 0 1 | 0 | 0 | 0 | 1 | 0 | 0 | 
1 0 0 0 1 0 | 0 0 | 0 | 0 | 1 | 0 | 0 | 0 | 
1 0 0 0 1 1 | 0 1 | 0 | 0 | 1 | 1 | 0 | 0 | 
1 0 0 1 0 0 | 0 0 | 0 | 1 | 0 | 0 | 0 | 0 | 
1 0 0 1 0 1 | 0 1 | 0 | 1 | 0 | 1 | 0 | 0 | 
1 0 0 1 1 0 | 0 0 | 0 | 1 | 1 | 0 | 0 | 0 | 
1 0 0 1 1 1 | 0 1 | 0 | 1 | 1 | 1 | 0 | 0 | 
1 0 1 0 0 0 | 0 0 | 0 | 0 | 0 | 0 | 0 | 0 | 
1 0 1 0 0 1 | 0 1 | 0 | 0 | 0 | 1 | 0 | 1 | 
1 0 1 0 1 0 | 0 0 | 0 | 0 | 1 | 0 | 1 | 0 | 
1 0 1 0 1 1 | 0 1 | 0 | 0 | 1 | 1 | 1 | 1 | 
1 0 1 1 0 0 | 0 1 | 0 | 1 | 0 | 1 | 0 | 0 | 
1 0 1 1 0 1 | 0 0 | 0 | 1 | 1 | 0 | 0 | 1 | 
1 0 1 1 1 0 | 0 1 | 0 | 1 | 1 | 1 | 1 | 0 | 
1 0 1 1 1 1 | 0 0 | 1 | 0 | 0 | 0 | 1 | 1 | 
1 1 0 0 0 0 | 0 0 | 0 | 0 | 0 | 0 | 0 | 0 | 
1 1 0 0 0 1 | 0 1 | 0 | 0 | 0 | 1 | 1 | 0 | 
1 1 0 0 1 0 | 1 0 | 0 | 0 | 1 | 1 | 0 | 0 | 
1 1 0 0 1 1 | 1 1 | 0 | 1 | 0 | 0 | 1 | 0 | 
1 1 0 1 0 0 | 0 0 | 0 | 1 | 1 | 0 | 0 | 0 | 
1 1 0 1 0 1 | 0 1 | 0 | 1 | 1 | 1 | 1 | 0 | 
1 1 0 1 1 0 | 1 0 | 1 | 0 | 0 | 1 | 0 | 0 | 
1 1 0 1 1 1 | 1 1 | 1 | 0 | 1 | 0 | 1 | 0 | 
1 1 1 0 0 0 | 0 0 | 0 | 0 | 0 | 0 | 0 | 0 | 
1 1 1 0 0 1 | 0 1 | 0 | 0 | 0 | 1 | 1 | 1 | 
1 1 1 0 1 0 | 1 0 | 0 | 0 | 1 | 1 | 1 | 0 | 
1 1 1 0 1 1 | 1 1 | 0 | 1 | 0 | 1 | 0 | 1 | 
1 1 1 1 0 0 | 0 1 | 0 | 1 | 1 | 1 | 0 | 0 | 
1 1 1 1 0 1 | 0 0 | 1 | 0 | 0 | 0 | 1 | 1 | 
1 1 1 1 1 0 | 1 1 | 1 | 0 | 1 | 0 | 1 | 0 | 
1 1 1 1 1 1 | 1 0 | 1 | 1 | 0 | 0 | 0 | 1 | 


Apos avaliar 3000000 geracoes nao foi possivel encontrar um Individuo que solucionasse S3. 
Com um Rank de 342 o melhor Individuo encontrado foi : 
1 | 1 2 200 | 1 4 100 | 2 5 100 | 5 6 500 | 5 4 100 | 8 3 500 | 5 6 500 | 3 1 300 | 10 1 200 | 13 5 200 | 9 | 342
1 | 2 1 400 | 6 1 100 | 4 7 200 | 3 4 100 | 10 8 500 | 2 10 300 | 11 8 100 | 9 1 500 | 2 13 100 | 2 8 400 | 11 | -1


Situacao de cada porta do MUX00 : 
0 1 2 2 
Legenda 
porta travada em zero = 0 
porta travada em um = 1 
porta nao utilizada = -1 
porta com necessidade de mais um MUX = 2 

Numero de vezes que cada porta do MUX00 foi utilizada : 
30 18 10 6 


Trabalhando agora no MUX03 que entra na porta 2 do MUX00.
A seguir a parte da matriz que sera trabalhada neste MUX

A A A B B B |C0 C1|S0 |S1 |S2 |S3 |S4 |S5 |
------------------------------------------|
0 1 0 0 1 0 | 0 1 | 0 | 0 | 0 | 1 | 0 | 0 | 
0 1 0 0 1 1 | 0 1 | 0 | 0 | 0 | 1 | 1 | 0 | 
0 1 0 1 1 0 | 0 1 | 0 | 0 | 1 | 1 | 0 | 0 | 
0 1 0 1 1 1 | 0 1 | 0 | 0 | 1 | 1 | 1 | 0 | 
0 1 1 0 1 0 | 0 0 | 0 | 0 | 0 | 1 | 1 | 0 | 
0 1 1 0 1 1 | 0 0 | 0 | 0 | 1 | 0 | 0 | 1 | 
1 1 0 0 1 0 | 0 1 | 0 | 0 | 1 | 1 | 0 | 0 | 
1 1 0 1 1 0 | 0 1 | 1 | 0 | 0 | 1 | 0 | 0 | 
1 1 1 0 1 0 | 0 0 | 0 | 0 | 1 | 1 | 1 | 0 | 
1 1 1 1 1 1 | 0 0 | 1 | 1 | 0 | 0 | 0 | 1 | 




 Evolucao!!!!  Geracao: 1. 	 Melhor rank ate esta geracao: 55 	 Valor do Multiplicador de Mutacoes : 1 

1 | 5 3 400 | 3 1 200 | 7 8 200 | 4 5 200 | 10 9 100 | 1 7 300 | 8 1 300 | 2 8 300 | 2 11 300 | 2 12 400 | 16 | 55
1 | 1 3 200 | 6 4 300 | 5 6 300 | 6 5 200 | 3 10 300 | 6 10 200 | 6 11 400 | 5 3 300 | 12 9 500 | 10 13 200 | 14 | -1



A A A B B B |C0 C1|S0 |S1 |S2 |S3 |S4 |S5 |
------------------------------------------|
0 1 0 0 1 0 | 0 1 | 0 | 0 | 0 | 1 | 0 | 0 | 
0 1 0 0 1 1 | 1 1 | 0 | 0 | 0 | 1 | 1 | 0 | 
0 1 0 1 1 0 | 0 1 | 0 | 0 | 1 | 1 | 0 | 0 | 
0 1 0 1 1 1 | 1 1 | 0 | 0 | 1 | 1 | 1 | 0 | 
0 1 1 0 1 0 | 0 0 | 0 | 0 | 0 | 1 | 1 | 0 | 
0 1 1 0 1 1 | 1 0 | 0 | 0 | 1 | 0 | 0 | 1 | 
1 1 0 0 1 0 | 0 1 | 0 | 0 | 1 | 1 | 0 | 0 | 
1 1 0 1 1 0 | 0 1 | 1 | 0 | 0 | 1 | 0 | 0 | 
1 1 1 0 1 0 | 0 0 | 0 | 0 | 1 | 1 | 1 | 0 | 
1 1 1 1 1 1 | 1 0 | 1 | 1 | 0 | 0 | 0 | 1 | 


Encontrado na geracao : 5 
Com Rank : 70 
Temos como Individuo que soluciona o MUX03 para o S3 : 
1 | 5 3 400 | 3 1 200 | 7 8 200 | 4 5 200 | 10 9 100 | 1 7 300 | 8 1 300 | 2 8 300 | 2 11 300 | 2 12 400 | 6 | 70
1 | 1 3 200 | 6 4 300 | 5 6 300 | 6 5 200 | 3 10 300 | 6 10 200 | 6 11 400 | 5 3 300 | 12 9 500 | 10 13 200 | 14 | -1


Situacao de cada porta do MUX03 : 
1 1 0 1 

Numero de vezes que cada porta do MUX03 foi utilizada : 
2 4 2 2 


Trabalhando agora no MUX04 que entra na porta 3 do MUX00.
A seguir a parte da matriz que sera trabalhada neste MUX

A A A B B B |C0 C1|S0 |S1 |S2 |S3 |S4 |S5 |
------------------------------------------|
0 1 1 1 1 0 | 0 1 | 0 | 1 | 0 | 0 | 1 | 0 | 
0 1 1 1 1 1 | 1 1 | 0 | 1 | 0 | 1 | 0 | 1 | 
1 1 0 0 1 1 | 1 1 | 0 | 1 | 0 | 0 | 1 | 0 | 
1 1 0 1 1 1 | 1 1 | 1 | 0 | 1 | 0 | 1 | 0 | 
1 1 1 0 1 1 | 1 1 | 0 | 1 | 0 | 1 | 0 | 1 | 
1 1 1 1 1 0 | 0 1 | 1 | 0 | 1 | 0 | 1 | 0 | 




A A A B B B |C0 C1|S0 |S1 |S2 |S3 |S4 |S5 |
------------------------------------------|
0 1 1 1 1 0 | 0 1 | 0 | 1 | 0 | 0 | 1 | 0 | 
0 1 1 1 1 1 | 1 1 | 0 | 1 | 0 | 1 | 0 | 1 | 
1 1 0 0 1 1 | 1 1 | 0 | 1 | 0 | 0 | 1 | 0 | 
1 1 0 1 1 1 | 1 1 | 1 | 0 | 1 | 0 | 1 | 0 | 
1 1 1 0 1 1 | 1 1 | 0 | 1 | 0 | 1 | 0 | 1 | 
1 1 1 1 1 0 | 0 1 | 1 | 0 | 1 | 0 | 1 | 0 | 


Encontrado na geracao : 5 
Com Rank : 70 
Temos como Individuo que soluciona o MUX04 para o S3 : 
1 | 2 4 500 | 6 3 300 | 6 1 200 | 6 2 400 | 6 5 500 | 9 5 400 | 11 8 100 | 9 2 500 | 9 6 100 | 7 10 100 | 15 | 27
1 | 4 3 500 | 3 6 500 | 8 2 300 | 4 7 500 | 9 4 100 | 6 5 200 | 5 4 100 | 2 10 400 | 11 8 100 | 14 1 400 | 2 | -1


Situacao de cada porta do MUX04 : 
-1 0 -1 2 

Numero de vezes que cada porta do MUX04 foi utilizada : 
0 2 0 4 