N1 : 3 
N2 : 3 
LINHAS : 64 
COLUNAS : 6 

MAXIMO_MUTACOES : 3 
NUMERO_MAX_GERACOES : 3000000 
GERACOES_SEM_MUDANCA : 300000 
PERSISTENCIA : 1000 
INDIVIDUOS_POR_GERACAO : 4 
QTD_CH : 2 

NUMERO_PORTAS : 5 
AND : 100 
OR : 200 
NAND : 300 NOR : 400 
XOR : 500 
LINHAS_NOS : 2 
COLUNAS_NOS : 5 
NUMERO_NOS : 16 


Matriz Topologia : 

7 9 11 13 15 
8 10 12 14 16 



A A A B B B |C0 C1|S0 |S1 |S2 |S3 |S4 |S5 |
------------------------------------------|
0 0 0 0 0 0 | 0 0 | 0 | 0 | 0 | 0 | 0 | 0 | 
0 0 0 0 0 1 | 0 0 | 0 | 0 | 0 | 0 | 0 | 0 | 
0 0 0 0 1 0 | 0 0 | 0 | 0 | 0 | 0 | 0 | 0 | 
0 0 0 0 1 1 | 0 0 | 0 | 0 | 0 | 0 | 0 | 0 | 
0 0 0 1 0 0 | 0 1 | 0 | 0 | 0 | 0 | 0 | 0 | 
0 0 0 1 0 1 | 0 1 | 0 | 0 | 0 | 0 | 0 | 0 | 
0 0 0 1 1 0 | 1 1 | 0 | 0 | 0 | 0 | 0 | 0 | 
0 0 0 1 1 1 | 1 1 | 0 | 0 | 0 | 0 | 0 | 0 | 
0 0 1 0 0 0 | 0 0 | 0 | 0 | 0 | 0 | 0 | 0 | 
0 0 1 0 0 1 | 0 0 | 0 | 0 | 0 | 0 | 0 | 1 | 
0 0 1 0 1 0 | 0 0 | 0 | 0 | 0 | 0 | 1 | 0 | 
0 0 1 0 1 1 | 0 0 | 0 | 0 | 0 | 0 | 1 | 1 | 
0 0 1 1 0 0 | 0 1 | 0 | 0 | 0 | 1 | 0 | 0 | 
0 0 1 1 0 1 | 0 1 | 0 | 0 | 0 | 1 | 0 | 1 | 
0 0 1 1 1 0 | 1 1 | 0 | 0 | 0 | 1 | 1 | 0 | 
0 0 1 1 1 1 | 1 1 | 0 | 0 | 0 | 1 | 1 | 1 | 
0 1 0 0 0 0 | 0 0 | 0 | 0 | 0 | 0 | 0 | 0 | 
0 1 0 0 0 1 | 0 0 | 0 | 0 | 0 | 0 | 1 | 0 | 
0 1 0 0 1 0 | 0 0 | 0 | 0 | 0 | 1 | 0 | 0 | 
0 1 0 0 1 1 | 0 0 | 0 | 0 | 0 | 1 | 1 | 0 | 
0 1 0 1 0 0 | 0 1 | 0 | 0 | 1 | 0 | 0 | 0 | 
0 1 0 1 0 1 | 0 1 | 0 | 0 | 1 | 0 | 1 | 0 | 
0 1 0 1 1 0 | 1 1 | 0 | 0 | 1 | 1 | 0 | 0 | 
0 1 0 1 1 1 | 1 1 | 0 | 0 | 1 | 1 | 1 | 0 | 
0 1 1 0 0 0 | 0 0 | 0 | 0 | 0 | 0 | 0 | 0 | 
0 1 1 0 0 1 | 0 0 | 0 | 0 | 0 | 0 | 1 | 1 | 
0 1 1 0 1 0 | 0 0 | 0 | 0 | 0 | 1 | 1 | 0 | 
0 1 1 0 1 1 | 0 0 | 0 | 0 | 1 | 0 | 0 | 1 | 
0 1 1 1 0 0 | 0 1 | 0 | 0 | 1 | 1 | 0 | 0 | 
0 1 1 1 0 1 | 0 1 | 0 | 0 | 1 | 1 | 1 | 1 | 
0 1 1 1 1 0 | 1 1 | 0 | 1 | 0 | 0 | 1 | 0 | 
0 1 1 1 1 1 | 1 1 | 0 | 1 | 0 | 1 | 0 | 1 | 
1 0 0 0 0 0 | 0 0 | 0 | 0 | 0 | 0 | 0 | 0 | 
1 0 0 0 0 1 | 0 0 | 0 | 0 | 0 | 1 | 0 | 0 | 
1 0 0 0 1 0 | 0 0 | 0 | 0 | 1 | 0 | 0 | 0 | 
1 0 0 0 1 1 | 0 0 | 0 | 0 | 1 | 1 | 0 | 0 | 
1 0 0 1 0 0 | 0 1 | 0 | 1 | 0 | 0 | 0 | 0 | 
1 0 0 1 0 1 | 0 1 | 0 | 1 | 0 | 1 | 0 | 0 | 
1 0 0 1 1 0 | 1 1 | 0 | 1 | 1 | 0 | 0 | 0 | 
1 0 0 1 1 1 | 1 1 | 0 | 1 | 1 | 1 | 0 | 0 | 
1 0 1 0 0 0 | 0 0 | 0 | 0 | 0 | 0 | 0 | 0 | 
1 0 1 0 0 1 | 0 0 | 0 | 0 | 0 | 1 | 0 | 1 | 
1 0 1 0 1 0 | 0 0 | 0 | 0 | 1 | 0 | 1 | 0 | 
1 0 1 0 1 1 | 0 0 | 0 | 0 | 1 | 1 | 1 | 1 | 
1 0 1 1 0 0 | 0 1 | 0 | 1 | 0 | 1 | 0 | 0 | 
1 0 1 1 0 1 | 0 1 | 0 | 1 | 1 | 0 | 0 | 1 | 
1 0 1 1 1 0 | 1 1 | 0 | 1 | 1 | 1 | 1 | 0 | 
1 0 1 1 1 1 | 1 1 | 1 | 0 | 0 | 0 | 1 | 1 | 
1 1 0 0 0 0 | 0 0 | 0 | 0 | 0 | 0 | 0 | 0 | 
1 1 0 0 0 1 | 0 0 | 0 | 0 | 0 | 1 | 1 | 0 | 
1 1 0 0 1 0 | 0 0 | 0 | 0 | 1 | 1 | 0 | 0 | 
1 1 0 0 1 1 | 0 0 | 0 | 1 | 0 | 0 | 1 | 0 | 
1 1 0 1 0 0 | 0 1 | 0 | 1 | 1 | 0 | 0 | 0 | 
1 1 0 1 0 1 | 0 1 | 0 | 1 | 1 | 1 | 1 | 0 | 
1 1 0 1 1 0 | 1 1 | 1 | 0 | 0 | 1 | 0 | 0 | 
1 1 0 1 1 1 | 1 1 | 1 | 0 | 1 | 0 | 1 | 0 | 
1 1 1 0 0 0 | 0 0 | 0 | 0 | 0 | 0 | 0 | 0 | 
1 1 1 0 0 1 | 0 0 | 0 | 0 | 0 | 1 | 1 | 1 | 
1 1 1 0 1 0 | 0 0 | 0 | 0 | 1 | 1 | 1 | 0 | 
1 1 1 0 1 1 | 0 0 | 0 | 1 | 0 | 1 | 0 | 1 | 
1 1 1 1 0 0 | 0 1 | 0 | 1 | 1 | 1 | 0 | 0 | 
1 1 1 1 0 1 | 0 1 | 1 | 0 | 0 | 0 | 1 | 1 | 
1 1 1 1 1 0 | 1 1 | 1 | 0 | 1 | 0 | 1 | 0 | 
1 1 1 1 1 1 | 1 1 | 1 | 1 | 0 | 0 | 0 | 1 | 




 Evolucao!!!!  Geracao: 1. 	 Melhor rank ate esta geracao: 14 	 Valor do Multiplicador de Mutacoes : 1 

1 | 5 4 100 | 6 1 100 | 5 6 200 | 5 7 400 | 5 1 400 | 2 9 500 | 10 4 200 | 4 12 200 | 2 11 300 | 3 14 400 | 14 | 14
1 | 3 4 500 | 6 1 500 | 5 6 400 | 7 2 500 | 7 3 200 | 2 7 100 | 11 4 100 | 11 8 400 | 8 9 300 | 13 7 300 | 4 | -1



 Evolucao!!!!  Geracao: 3. 	 Melhor rank ate esta geracao: 65 	 Valor do Multiplicador de Mutacoes : 1 

1 | 5 4 100 | 6 1 100 | 5 6 200 | 5 7 400 | 5 1 400 | 2 9 500 | 10 4 200 | 4 11 200 | 2 11 300 | 6 14 400 | 14 | 65
1 | 3 4 500 | 6 1 500 | 5 6 400 | 7 2 500 | 7 3 200 | 2 7 100 | 11 4 100 | 11 8 400 | 8 9 300 | 13 7 300 | 4 | -1



 Evolucao!!!!  Geracao: 16. 	 Melhor rank ate esta geracao: 115 	 Valor do Multiplicador de Mutacoes : 1 

1 | 5 4 100 | 6 1 100 | 5 6 200 | 5 7 400 | 5 1 400 | 4 9 500 | 10 4 200 | 4 11 200 | 2 11 300 | 6 14 400 | 5 | 115
1 | 3 6 500 | 6 1 500 | 5 6 400 | 7 2 500 | 7 3 200 | 2 7 100 | 11 4 100 | 11 8 400 | 8 9 300 | 13 7 300 | 4 | -1



 Evolucao!!!!  Geracao: 38. 	 Melhor rank ate esta geracao: 120 	 Valor do Multiplicador de Mutacoes : 1 

1 | 5 4 100 | 6 1 100 | 5 6 200 | 5 7 400 | 5 1 400 | 4 9 500 | 10 4 200 | 4 11 200 | 2 11 300 | 6 14 400 | 13 | 120
1 | 3 1 500 | 6 1 500 | 5 6 400 | 7 2 500 | 7 3 200 | 2 7 100 | 11 4 100 | 11 8 400 | 8 9 300 | 13 7 300 | 4 | -1



 Evolucao!!!!  Geracao: 1949. 	 Melhor rank ate esta geracao: 121 	 Valor do Multiplicador de Mutacoes : 1 

1 | 2 4 100 | 6 1 100 | 5 6 200 | 5 7 400 | 5 1 400 | 4 9 500 | 10 4 200 | 4 11 200 | 2 11 300 | 6 14 400 | 10 | 121
1 | 3 1 500 | 6 1 500 | 5 6 400 | 7 2 500 | 7 3 200 | 2 7 100 | 11 4 100 | 11 8 400 | 8 9 300 | 13 7 300 | 4 | -1



 Evolucao!!!!  Geracao: 2060. 	 Melhor rank ate esta geracao: 124 	 Valor do Multiplicador de Mutacoes : 1 

1 | 2 4 100 | 6 1 100 | 5 6 200 | 5 7 400 | 5 1 400 | 4 9 500 | 10 4 300 | 4 11 200 | 2 11 300 | 6 14 400 | 10 | 124
1 | 6 1 500 | 6 1 500 | 5 6 400 | 7 2 500 | 7 3 200 | 2 7 100 | 11 4 100 | 11 8 400 | 8 9 300 | 13 7 300 | 9 | -1



 Evolucao!!!!  Geracao: 2089. 	 Melhor rank ate esta geracao: 126 	 Valor do Multiplicador de Mutacoes : 1 

1 | 2 4 100 | 6 1 100 | 5 6 200 | 5 7 400 | 5 1 400 | 4 9 500 | 10 4 300 | 4 11 200 | 2 11 300 | 6 14 400 | 10 | 126
1 | 6 1 500 | 6 1 500 | 5 4 400 | 7 2 500 | 7 3 200 | 2 7 100 | 11 4 100 | 11 8 200 | 8 9 300 | 13 7 300 | 9 | -1



 Evolucao!!!!  Geracao: 2125. 	 Melhor rank ate esta geracao: 141 	 Valor do Multiplicador de Mutacoes : 1 

1 | 2 4 100 | 6 1 100 | 5 6 200 | 5 7 400 | 5 1 400 | 4 9 500 | 10 3 300 | 4 11 200 | 2 11 300 | 6 14 400 | 15 | 141
1 | 6 1 500 | 6 1 500 | 5 4 200 | 7 2 500 | 7 3 200 | 2 7 100 | 11 4 100 | 11 8 200 | 8 9 300 | 13 7 300 | 9 | -1



 Evolucao!!!!  Geracao: 2153. 	 Melhor rank ate esta geracao: 156 	 Valor do Multiplicador de Mutacoes : 1 

1 | 2 4 100 | 6 1 100 | 5 6 200 | 5 7 400 | 5 8 400 | 4 9 500 | 10 3 300 | 9 11 200 | 2 11 300 | 6 14 400 | 15 | 156
1 | 6 1 500 | 6 1 500 | 5 4 200 | 7 2 500 | 7 3 200 | 2 7 100 | 11 4 100 | 11 8 200 | 8 9 300 | 13 7 200 | 9 | -1



 Evolucao!!!!  Geracao: 2250. 	 Melhor rank ate esta geracao: 162 	 Valor do Multiplicador de Mutacoes : 1 

1 | 2 4 100 | 6 1 100 | 5 6 200 | 5 7 400 | 5 8 400 | 4 3 500 | 10 3 300 | 9 11 200 | 7 11 300 | 6 14 400 | 15 | 162
1 | 6 1 500 | 6 1 500 | 5 4 200 | 7 3 500 | 7 3 200 | 2 7 100 | 11 4 100 | 11 8 200 | 8 9 300 | 13 7 200 | 9 | -1



 Evolucao!!!!  Geracao: 7587. 	 Melhor rank ate esta geracao: 176 	 Valor do Multiplicador de Mutacoes : 1 

1 | 2 4 100 | 6 1 100 | 5 6 200 | 5 6 400 | 5 8 400 | 4 3 500 | 10 3 300 | 9 11 200 | 7 11 300 | 6 14 400 | 15 | 176
1 | 6 1 500 | 6 1 100 | 5 8 200 | 7 3 500 | 7 3 200 | 2 7 100 | 11 4 100 | 11 8 200 | 8 9 300 | 13 7 200 | 9 | -1



 Evolucao!!!!  Geracao: 7596. 	 Melhor rank ate esta geracao: 183 	 Valor do Multiplicador de Mutacoes : 1 

1 | 2 4 100 | 6 1 100 | 5 6 200 | 5 6 400 | 5 8 400 | 4 3 500 | 10 3 300 | 9 11 200 | 7 11 300 | 6 14 400 | 15 | 183
1 | 3 1 500 | 4 1 100 | 5 8 200 | 7 3 500 | 7 3 200 | 2 7 100 | 11 4 100 | 11 8 200 | 8 9 300 | 13 7 500 | 9 | -1



 Evolucao!!!!  Geracao: 313691. 	 Melhor rank ate esta geracao: 198 	 Valor do Multiplicador de Mutacoes : 8 

1 | 2 6 100 | 6 4 100 | 5 6 200 | 5 7 400 | 5 4 400 | 4 5 500 | 10 3 200 | 9 11 200 | 14 11 300 | 11 14 500 | 11 | 198
1 | 3 1 500 | 4 6 100 | 1 2 200 | 7 3 500 | 1 5 200 | 3 7 100 | 2 5 100 | 11 8 200 | 8 9 300 | 10 7 100 | 9 | -1



 Evolucao!!!!  Geracao: 618057. 	 Melhor rank ate esta geracao: 212 	 Valor do Multiplicador de Mutacoes : 6 

1 | 2 6 200 | 6 1 100 | 5 7 200 | 6 7 400 | 5 4 400 | 4 5 500 | 4 3 200 | 9 11 200 | 9 11 300 | 11 14 500 | 16 | 212
1 | 2 1 200 | 4 6 100 | 1 2 200 | 7 3 100 | 1 5 100 | 3 8 500 | 2 5 100 | 11 8 200 | 8 9 300 | 10 8 100 | 9 | -1



 Evolucao!!!!  Geracao: 660170. 	 Melhor rank ate esta geracao: 241 	 Valor do Multiplicador de Mutacoes : 1 

1 | 2 6 200 | 6 1 100 | 8 2 200 | 6 7 400 | 5 4 400 | 4 5 500 | 4 3 200 | 9 11 200 | 9 11 300 | 11 14 500 | 16 | 241
1 | 2 1 200 | 4 6 100 | 1 2 200 | 7 3 100 | 1 5 100 | 3 8 500 | 2 5 100 | 11 8 200 | 8 9 300 | 10 8 100 | 11 | -1



 Evolucao!!!!  Geracao: 660345. 	 Melhor rank ate esta geracao: 243 	 Valor do Multiplicador de Mutacoes : 1 

1 | 2 6 200 | 6 1 100 | 8 2 200 | 6 7 400 | 5 4 400 | 4 5 500 | 4 3 200 | 9 11 200 | 9 11 300 | 11 14 500 | 16 | 243
1 | 2 1 200 | 4 6 100 | 1 2 200 | 2 3 100 | 7 5 100 | 3 8 500 | 2 5 200 | 11 8 200 | 8 9 300 | 10 8 100 | 11 | -1



 Evolucao!!!!  Geracao: 682711. 	 Melhor rank ate esta geracao: 253 	 Valor do Multiplicador de Mutacoes : 1 

1 | 2 6 200 | 6 4 100 | 8 2 200 | 6 7 400 | 5 4 400 | 4 5 500 | 4 3 200 | 9 11 200 | 9 11 500 | 11 14 500 | 16 | 253
1 | 2 1 200 | 4 6 100 | 1 2 200 | 2 3 100 | 7 5 100 | 3 8 500 | 2 5 200 | 11 8 200 | 8 9 300 | 10 8 100 | 14 | -1



 Evolucao!!!!  Geracao: 740327. 	 Melhor rank ate esta geracao: 258 	 Valor do Multiplicador de Mutacoes : 1 

1 | 2 6 200 | 6 4 100 | 8 2 200 | 6 7 400 | 5 8 400 | 4 5 500 | 8 3 200 | 9 11 200 | 9 11 500 | 11 14 500 | 16 | 258
1 | 2 1 200 | 4 2 100 | 1 2 200 | 2 3 100 | 7 5 100 | 3 8 500 | 2 5 200 | 11 8 200 | 8 9 300 | 10 8 100 | 14 | -1



 Evolucao!!!!  Geracao: 740381. 	 Melhor rank ate esta geracao: 260 	 Valor do Multiplicador de Mutacoes : 1 

1 | 2 6 200 | 6 3 100 | 8 2 200 | 6 7 100 | 5 8 400 | 4 5 500 | 8 3 200 | 9 11 200 | 9 11 500 | 11 14 500 | 16 | 260
1 | 2 1 200 | 4 2 100 | 1 2 200 | 2 3 500 | 7 5 100 | 3 8 500 | 2 5 200 | 11 8 200 | 8 9 300 | 10 8 100 | 14 | -1



 Evolucao!!!!  Geracao: 748860. 	 Melhor rank ate esta geracao: 272 	 Valor do Multiplicador de Mutacoes : 1 

1 | 2 6 200 | 6 3 100 | 8 2 200 | 6 1 100 | 5 10 400 | 4 5 500 | 8 3 200 | 9 11 200 | 9 11 500 | 11 14 500 | 16 | 272
1 | 2 1 200 | 4 2 100 | 1 2 200 | 2 3 500 | 7 5 100 | 3 8 500 | 2 5 200 | 11 8 200 | 8 9 300 | 10 8 100 | 14 | -1



 Evolucao!!!!  Geracao: 748870. 	 Melhor rank ate esta geracao: 278 	 Valor do Multiplicador de Mutacoes : 1 

1 | 2 6 200 | 4 3 100 | 8 2 200 | 6 1 100 | 5 10 400 | 4 5 300 | 8 3 200 | 9 11 200 | 9 11 500 | 11 14 500 | 16 | 278
1 | 2 1 200 | 4 2 100 | 1 2 200 | 2 3 500 | 7 5 100 | 3 2 500 | 2 5 200 | 11 8 200 | 8 9 300 | 10 8 100 | 14 | -1



 Evolucao!!!!  Geracao: 748981. 	 Melhor rank ate esta geracao: 284 	 Valor do Multiplicador de Mutacoes : 1 

1 | 2 6 200 | 4 3 100 | 8 2 200 | 6 8 100 | 5 10 400 | 4 5 300 | 8 3 200 | 9 11 200 | 9 11 500 | 11 14 500 | 16 | 284
1 | 2 1 200 | 4 2 100 | 1 2 200 | 2 3 500 | 7 5 100 | 3 2 500 | 2 5 200 | 11 8 200 | 8 9 300 | 10 8 100 | 14 | -1



 Evolucao!!!!  Geracao: 752019. 	 Melhor rank ate esta geracao: 285 	 Valor do Multiplicador de Mutacoes : 1 

1 | 2 6 200 | 6 3 100 | 8 2 200 | 1 8 100 | 5 10 400 | 4 5 300 | 8 3 200 | 9 11 200 | 9 11 500 | 11 14 500 | 16 | 285
1 | 2 1 200 | 4 2 100 | 1 2 200 | 2 3 500 | 7 5 100 | 3 2 500 | 2 5 200 | 11 8 200 | 8 9 300 | 10 8 100 | 14 | -1



 Evolucao!!!!  Geracao: 812443. 	 Melhor rank ate esta geracao: 297 	 Valor do Multiplicador de Mutacoes : 1 

1 | 2 5 100 | 6 3 100 | 8 2 200 | 1 8 100 | 7 10 400 | 4 5 300 | 8 3 200 | 9 11 200 | 9 11 500 | 11 14 500 | 16 | 297
1 | 2 1 200 | 4 2 100 | 1 2 200 | 2 3 500 | 7 5 100 | 3 2 500 | 2 5 200 | 11 8 200 | 8 9 300 | 10 8 100 | 14 | -1



 Evolucao!!!!  Geracao: 812551. 	 Melhor rank ate esta geracao: 311 	 Valor do Multiplicador de Mutacoes : 1 

1 | 2 5 100 | 6 3 100 | 4 2 200 | 1 8 100 | 7 10 400 | 4 5 300 | 8 11 200 | 9 11 200 | 9 11 500 | 11 14 500 | 16 | 311
1 | 2 1 200 | 4 2 100 | 1 2 200 | 2 3 500 | 7 5 100 | 3 2 500 | 2 5 300 | 11 8 200 | 8 9 300 | 10 8 100 | 14 | -1



 Evolucao!!!!  Geracao: 812567. 	 Melhor rank ate esta geracao: 316 	 Valor do Multiplicador de Mutacoes : 1 

1 | 2 5 100 | 6 3 100 | 4 5 200 | 1 8 100 | 7 10 400 | 4 5 300 | 8 11 200 | 9 11 200 | 9 11 500 | 11 14 500 | 16 | 316
1 | 2 1 200 | 4 2 100 | 1 2 200 | 2 3 500 | 7 5 100 | 3 2 500 | 2 1 300 | 11 8 200 | 8 9 300 | 10 8 100 | 14 | -1



 Evolucao!!!!  Geracao: 812930. 	 Melhor rank ate esta geracao: 324 	 Valor do Multiplicador de Mutacoes : 1 

1 | 2 5 100 | 6 3 100 | 4 7 200 | 1 8 100 | 7 10 400 | 4 5 300 | 8 11 200 | 9 11 200 | 9 11 500 | 11 14 500 | 16 | 324
1 | 2 1 200 | 4 2 100 | 1 2 200 | 4 3 500 | 7 5 100 | 3 2 500 | 2 1 300 | 11 8 200 | 8 9 300 | 10 8 100 | 14 | -1



 Evolucao!!!!  Geracao: 833926. 	 Melhor rank ate esta geracao: 326 	 Valor do Multiplicador de Mutacoes : 1 

1 | 2 5 100 | 6 3 100 | 4 6 200 | 1 8 100 | 7 10 400 | 4 5 300 | 8 11 200 | 9 11 200 | 9 11 500 | 11 14 500 | 16 | 326
1 | 2 1 200 | 4 2 100 | 1 2 200 | 4 3 500 | 1 5 100 | 3 2 500 | 2 1 300 | 11 8 200 | 8 9 300 | 10 8 100 | 14 | -1



 Evolucao!!!!  Geracao: 1076003. 	 Melhor rank ate esta geracao: 327 	 Valor do Multiplicador de Mutacoes : 1 

1 | 2 5 100 | 6 3 100 | 4 6 200 | 1 8 100 | 7 10 400 | 4 5 300 | 8 11 200 | 9 11 200 | 9 11 500 | 11 14 500 | 16 | 327
1 | 2 1 200 | 4 2 100 | 1 8 200 | 4 3 500 | 9 5 100 | 3 2 500 | 2 1 300 | 11 8 500 | 8 9 300 | 10 8 100 | 14 | -1



 Evolucao!!!!  Geracao: 1416050. 	 Melhor rank ate esta geracao: 341 	 Valor do Multiplicador de Mutacoes : 1 

1 | 2 5 300 | 6 3 100 | 4 6 200 | 4 8 100 | 7 10 500 | 4 5 300 | 8 11 200 | 9 11 200 | 9 11 500 | 11 14 500 | 16 | 341
1 | 2 1 200 | 4 2 100 | 1 8 200 | 4 3 500 | 9 5 100 | 3 2 500 | 2 1 300 | 11 8 500 | 8 9 300 | 10 8 100 | 14 | -1



A A A B B B |C0 C1|S0 |S1 |S2 |S3 |S4 |S5 |
------------------------------------------|
0 0 0 0 0 0 | 0 0 | 0 | 0 | 0 | 0 | 0 | 0 | 
0 0 0 0 0 1 | 0 0 | 0 | 0 | 0 | 0 | 0 | 0 | 
0 0 0 0 1 0 | 0 0 | 0 | 0 | 0 | 0 | 0 | 0 | 
0 0 0 0 1 1 | 0 0 | 0 | 0 | 0 | 0 | 0 | 0 | 
0 0 0 1 0 0 | 0 0 | 0 | 0 | 0 | 0 | 0 | 0 | 
0 0 0 1 0 1 | 0 0 | 0 | 0 | 0 | 0 | 0 | 0 | 
0 0 0 1 1 0 | 0 0 | 0 | 0 | 0 | 0 | 0 | 0 | 
0 0 0 1 1 1 | 0 0 | 0 | 0 | 0 | 0 | 0 | 0 | 
0 0 1 0 0 0 | 0 0 | 0 | 0 | 0 | 0 | 0 | 0 | 
0 0 1 0 0 1 | 0 0 | 0 | 0 | 0 | 0 | 0 | 1 | 
0 0 1 0 1 0 | 0 0 | 0 | 0 | 0 | 0 | 1 | 0 | 
0 0 1 0 1 1 | 0 0 | 0 | 0 | 0 | 0 | 1 | 1 | 
0 0 1 1 0 0 | 0 0 | 0 | 0 | 0 | 1 | 0 | 0 | 
0 0 1 1 0 1 | 1 0 | 0 | 0 | 0 | 1 | 0 | 1 | 
0 0 1 1 1 0 | 0 0 | 0 | 0 | 0 | 1 | 1 | 0 | 
0 0 1 1 1 1 | 1 0 | 0 | 0 | 0 | 1 | 1 | 1 | 
0 1 0 0 0 0 | 0 0 | 0 | 0 | 0 | 0 | 0 | 0 | 
0 1 0 0 0 1 | 0 0 | 0 | 0 | 0 | 0 | 1 | 0 | 
0 1 0 0 1 0 | 0 0 | 0 | 0 | 0 | 1 | 0 | 0 | 
0 1 0 0 1 1 | 1 0 | 0 | 0 | 0 | 1 | 1 | 0 | 
0 1 0 1 0 0 | 0 1 | 0 | 0 | 1 | 0 | 0 | 0 | 
0 1 0 1 0 1 | 0 1 | 0 | 0 | 1 | 0 | 1 | 0 | 
0 1 0 1 1 0 | 1 0 | 0 | 0 | 1 | 1 | 0 | 0 | 
0 1 0 1 1 1 | 1 0 | 0 | 0 | 1 | 1 | 1 | 0 | 
0 1 1 0 0 0 | 0 0 | 0 | 0 | 0 | 0 | 0 | 0 | 
0 1 1 0 0 1 | 0 0 | 0 | 0 | 0 | 0 | 1 | 1 | 
0 1 1 0 1 0 | 0 0 | 0 | 0 | 0 | 1 | 1 | 0 | 
0 1 1 0 1 1 | 1 0 | 0 | 0 | 1 | 0 | 0 | 1 | 
0 1 1 1 0 0 | 0 1 | 0 | 0 | 1 | 1 | 0 | 0 | 
0 1 1 1 0 1 | 1 1 | 0 | 0 | 1 | 1 | 1 | 1 | 
0 1 1 1 1 0 | 1 0 | 0 | 1 | 0 | 0 | 1 | 0 | 
0 1 1 1 1 1 | 0 0 | 0 | 1 | 0 | 1 | 0 | 1 | 
1 0 0 0 0 0 | 0 0 | 0 | 0 | 0 | 0 | 0 | 0 | 
1 0 0 0 0 1 | 0 0 | 0 | 0 | 0 | 1 | 0 | 0 | 
1 0 0 0 1 0 | 0 1 | 0 | 0 | 1 | 0 | 0 | 0 | 
1 0 0 0 1 1 | 0 1 | 0 | 0 | 1 | 1 | 0 | 0 | 
1 0 0 1 0 0 | 0 0 | 0 | 1 | 0 | 0 | 0 | 0 | 
1 0 0 1 0 1 | 0 0 | 0 | 1 | 0 | 1 | 0 | 0 | 
1 0 0 1 1 0 | 0 1 | 0 | 1 | 1 | 0 | 0 | 0 | 
1 0 0 1 1 1 | 0 1 | 0 | 1 | 1 | 1 | 0 | 0 | 
1 0 1 0 0 0 | 0 0 | 0 | 0 | 0 | 0 | 0 | 0 | 
1 0 1 0 0 1 | 0 0 | 0 | 0 | 0 | 1 | 0 | 1 | 
1 0 1 0 1 0 | 0 1 | 0 | 0 | 1 | 0 | 1 | 0 | 
1 0 1 0 1 1 | 0 1 | 0 | 0 | 1 | 1 | 1 | 1 | 
1 0 1 1 0 0 | 0 0 | 0 | 1 | 0 | 1 | 0 | 0 | 
1 0 1 1 0 1 | 1 0 | 0 | 1 | 1 | 0 | 0 | 1 | 
1 0 1 1 1 0 | 0 1 | 0 | 1 | 1 | 1 | 1 | 0 | 
1 0 1 1 1 1 | 1 1 | 1 | 0 | 0 | 0 | 1 | 1 | 
1 1 0 0 0 0 | 0 0 | 0 | 0 | 0 | 0 | 0 | 0 | 
1 1 0 0 0 1 | 0 0 | 0 | 0 | 0 | 1 | 1 | 0 | 
1 1 0 0 1 0 | 0 1 | 0 | 0 | 1 | 1 | 0 | 0 | 
1 1 0 0 1 1 | 1 1 | 0 | 1 | 0 | 0 | 1 | 0 | 
1 1 0 1 0 0 | 0 1 | 0 | 1 | 1 | 0 | 0 | 0 | 
1 1 0 1 0 1 | 0 1 | 0 | 1 | 1 | 1 | 1 | 0 | 
1 1 0 1 1 0 | 1 0 | 1 | 0 | 0 | 1 | 0 | 0 | 
1 1 0 1 1 1 | 1 0 | 1 | 0 | 1 | 0 | 1 | 0 | 
1 1 1 0 0 0 | 0 0 | 0 | 0 | 0 | 0 | 0 | 0 | 
1 1 1 0 0 1 | 0 0 | 0 | 0 | 0 | 1 | 1 | 1 | 
1 1 1 0 1 0 | 0 1 | 0 | 0 | 1 | 1 | 1 | 0 | 
1 1 1 0 1 1 | 1 1 | 0 | 1 | 0 | 1 | 0 | 1 | 
1 1 1 1 0 0 | 0 1 | 0 | 1 | 1 | 1 | 0 | 0 | 
1 1 1 1 0 1 | 1 1 | 1 | 0 | 0 | 0 | 1 | 1 | 
1 1 1 1 1 0 | 1 0 | 1 | 0 | 1 | 0 | 1 | 0 | 
1 1 1 1 1 1 | 0 0 | 1 | 1 | 0 | 0 | 0 | 1 | 


Apos avaliar 3000000 geracoes nao foi possivel encontrar um Individuo que solucionasse S2. 
Com um Rank de 341 o melhor Individuo encontrado foi : 
1 | 2 5 300 | 6 3 100 | 4 6 200 | 4 8 100 | 7 10 500 | 4 5 300 | 8 11 200 | 9 11 200 | 9 11 500 | 11 14 500 | 16 | 341
1 | 2 1 200 | 4 2 100 | 1 8 200 | 4 3 500 | 9 5 100 | 3 2 500 | 2 1 300 | 11 8 500 | 8 9 300 | 10 8 100 | 14 | -1


Situacao de cada porta do MUX00 : 
0 1 2 2 
Legenda 
porta travada em zero = 0 
porta travada em um = 1 
porta nao utilizada = -1 
porta com necessidade de mais um MUX = 2 

Numero de vezes que cada porta do MUX00 foi utilizada : 
33 15 11 5 


Trabalhando agora no MUX03 que entra na porta 2 do MUX00.
A seguir a parte da matriz que sera trabalhada neste MUX

A A A B B B |C0 C1|S0 |S1 |S2 |S3 |S4 |S5 |
------------------------------------------|
0 0 1 1 0 1 | 0 1 | 0 | 0 | 0 | 1 | 0 | 1 | 
0 0 1 1 1 1 | 0 1 | 0 | 0 | 0 | 1 | 1 | 1 | 
0 1 0 0 1 1 | 1 1 | 0 | 0 | 0 | 1 | 1 | 0 | 
0 1 0 1 1 0 | 1 0 | 0 | 0 | 1 | 1 | 0 | 0 | 
0 1 0 1 1 1 | 1 0 | 0 | 0 | 1 | 1 | 1 | 0 | 
0 1 1 0 1 1 | 1 1 | 0 | 0 | 1 | 0 | 0 | 1 | 
0 1 1 1 1 0 | 1 0 | 0 | 1 | 0 | 0 | 1 | 0 | 
1 0 1 1 0 1 | 0 1 | 0 | 1 | 1 | 0 | 0 | 1 | 
1 1 0 1 1 0 | 1 0 | 1 | 0 | 0 | 1 | 0 | 0 | 
1 1 0 1 1 1 | 1 0 | 1 | 0 | 1 | 0 | 1 | 0 | 
1 1 1 1 1 0 | 1 0 | 1 | 0 | 1 | 0 | 1 | 0 | 




 Evolucao!!!!  Geracao: 1. 	 Melhor rank ate esta geracao: 11 	 Valor do Multiplicador de Mutacoes : 1 

1 | 6 4 100 | 5 2 300 | 7 8 200 | 5 1 500 | 5 6 400 | 8 9 100 | 4 8 300 | 3 2 500 | 14 12 100 | 14 13 300 | 13 | 11
1 | 4 5 500 | 1 6 200 | 2 4 500 | 3 8 400 | 10 2 400 | 5 8 400 | 2 6 200 | 12 6 300 | 9 11 400 | 6 14 500 | 9 | -1



 Evolucao!!!!  Geracao: 6. 	 Melhor rank ate esta geracao: 16 	 Valor do Multiplicador de Mutacoes : 1 

1 | 6 4 100 | 5 2 300 | 7 8 200 | 5 1 500 | 5 6 400 | 8 9 100 | 4 8 300 | 3 2 500 | 14 12 100 | 14 13 300 | 13 | 16
1 | 4 5 500 | 1 6 200 | 2 4 400 | 3 8 400 | 10 2 400 | 5 8 400 | 2 6 200 | 12 6 300 | 9 11 400 | 6 2 500 | 9 | -1



 Evolucao!!!!  Geracao: 8. 	 Melhor rank ate esta geracao: 21 	 Valor do Multiplicador de Mutacoes : 1 

1 | 6 4 100 | 5 2 300 | 7 8 200 | 5 1 500 | 5 6 400 | 8 4 100 | 5 8 300 | 3 2 500 | 14 12 100 | 14 13 300 | 13 | 21
1 | 4 5 500 | 1 6 100 | 2 4 400 | 3 8 400 | 10 2 400 | 5 8 400 | 2 6 200 | 12 6 300 | 9 11 400 | 6 2 500 | 9 | -1



 Evolucao!!!!  Geracao: 22. 	 Melhor rank ate esta geracao: 22 	 Valor do Multiplicador de Mutacoes : 1 

1 | 6 4 100 | 5 2 300 | 7 8 200 | 5 1 500 | 5 6 400 | 8 4 100 | 5 8 300 | 3 2 500 | 14 12 100 | 14 1 300 | 13 | 22
1 | 4 5 500 | 1 6 100 | 2 8 400 | 3 8 400 | 10 2 400 | 5 8 400 | 2 6 200 | 12 6 300 | 9 11 400 | 6 2 500 | 9 | -1



 Evolucao!!!!  Geracao: 24. 	 Melhor rank ate esta geracao: 25 	 Valor do Multiplicador de Mutacoes : 1 

1 | 6 4 100 | 5 3 300 | 7 8 200 | 5 1 500 | 5 6 400 | 8 1 100 | 5 8 300 | 3 2 500 | 14 12 100 | 14 1 300 | 13 | 25
1 | 4 5 500 | 1 6 100 | 2 8 400 | 3 8 400 | 10 2 400 | 5 8 400 | 2 6 200 | 12 11 300 | 9 11 400 | 6 2 500 | 9 | -1



 Evolucao!!!!  Geracao: 26. 	 Melhor rank ate esta geracao: 29 	 Valor do Multiplicador de Mutacoes : 1 

1 | 6 4 100 | 5 3 300 | 2 8 200 | 5 1 500 | 5 7 400 | 8 1 100 | 5 8 300 | 3 2 500 | 14 12 100 | 14 1 300 | 2 | 29
1 | 4 5 500 | 1 6 100 | 2 8 400 | 3 8 400 | 10 2 400 | 5 8 400 | 2 6 200 | 12 11 300 | 9 11 400 | 6 2 500 | 9 | -1



 Evolucao!!!!  Geracao: 300. 	 Melhor rank ate esta geracao: 42 	 Valor do Multiplicador de Mutacoes : 1 

1 | 6 4 100 | 5 3 300 | 2 8 200 | 5 1 500 | 5 7 400 | 8 1 100 | 5 8 300 | 3 2 500 | 14 12 100 | 14 1 300 | 7 | 42
1 | 4 5 500 | 1 6 100 | 2 8 400 | 3 8 400 | 10 2 400 | 5 8 400 | 2 6 200 | 12 11 300 | 9 11 400 | 6 14 500 | 9 | -1



 Evolucao!!!!  Geracao: 7231. 	 Melhor rank ate esta geracao: 44 	 Valor do Multiplicador de Mutacoes : 1 

1 | 6 4 100 | 5 3 300 | 2 8 200 | 5 1 500 | 5 7 400 | 8 1 100 | 5 8 300 | 3 2 500 | 14 12 100 | 14 1 300 | 7 | 44
1 | 4 5 500 | 1 3 100 | 2 8 500 | 3 8 400 | 10 2 400 | 5 8 400 | 2 6 200 | 12 11 300 | 9 11 400 | 6 14 500 | 9 | -1



 Evolucao!!!!  Geracao: 9660. 	 Melhor rank ate esta geracao: 58 	 Valor do Multiplicador de Mutacoes : 1 

1 | 2 4 100 | 5 3 300 | 2 8 200 | 5 1 500 | 5 7 400 | 8 1 100 | 5 8 300 | 3 2 500 | 14 12 100 | 14 1 300 | 7 | 58
1 | 4 5 500 | 1 3 500 | 2 8 500 | 3 8 400 | 10 2 400 | 5 8 400 | 2 6 200 | 12 11 300 | 9 11 400 | 6 14 500 | 9 | -1



 Evolucao!!!!  Geracao: 10441. 	 Melhor rank ate esta geracao: 64 	 Valor do Multiplicador de Mutacoes : 1 

1 | 2 1 100 | 5 3 300 | 2 8 200 | 8 1 500 | 5 7 400 | 8 1 100 | 5 8 300 | 3 2 500 | 14 12 100 | 14 1 300 | 7 | 64
1 | 4 5 500 | 1 3 500 | 4 8 500 | 3 8 400 | 10 2 400 | 5 8 400 | 2 6 200 | 12 11 300 | 9 11 400 | 6 14 500 | 9 | -1



 Evolucao!!!!  Geracao: 10507. 	 Melhor rank ate esta geracao: 70 	 Valor do Multiplicador de Mutacoes : 1 

1 | 2 1 100 | 5 3 300 | 2 8 200 | 8 1 500 | 5 7 400 | 8 1 100 | 5 8 300 | 3 2 500 | 14 12 500 | 14 7 300 | 16 | 70
1 | 4 5 500 | 1 3 500 | 4 8 500 | 3 8 400 | 10 2 400 | 5 8 400 | 2 6 200 | 12 11 300 | 9 11 400 | 6 14 500 | 9 | -1



A A A B B B |C0 C1|S0 |S1 |S2 |S3 |S4 |S5 |
------------------------------------------|
0 0 1 1 0 1 | 1 0 | 0 | 0 | 0 | 1 | 0 | 1 | 
0 0 1 1 1 1 | 1 0 | 0 | 0 | 0 | 1 | 1 | 1 | 
0 1 0 0 1 1 | 1 0 | 0 | 0 | 0 | 1 | 1 | 0 | 
0 1 0 1 1 0 | 1 1 | 0 | 0 | 1 | 1 | 0 | 0 | 
0 1 0 1 1 1 | 1 1 | 0 | 0 | 1 | 1 | 1 | 0 | 
0 1 1 0 1 1 | 1 1 | 0 | 0 | 1 | 0 | 0 | 1 | 
0 1 1 1 1 0 | 1 0 | 0 | 1 | 0 | 0 | 1 | 0 | 
1 0 1 1 0 1 | 1 1 | 0 | 1 | 1 | 0 | 0 | 1 | 
1 1 0 1 1 0 | 1 0 | 1 | 0 | 0 | 1 | 0 | 0 | 
1 1 0 1 1 1 | 0 0 | 1 | 0 | 1 | 0 | 1 | 0 | 
1 1 1 1 1 0 | 1 1 | 1 | 0 | 1 | 0 | 1 | 0 | 


Encontrado na geracao : 10525 
Com Rank : 83 
Temos como Individuo que soluciona o MUX03 para o S2 : 
1 | 2 1 100 | 5 3 300 | 2 8 200 | 8 1 500 | 5 7 400 | 8 1 100 | 5 8 300 | 3 2 500 | 14 2 500 | 6 7 300 | 16 | 83
1 | 4 5 500 | 1 3 500 | 4 8 500 | 3 8 400 | 10 2 400 | 5 8 400 | 2 6 200 | 12 11 300 | 9 2 400 | 6 14 500 | 9 | -1


Situacao de cada porta do MUX03 : 
1 -1 0 1 

Numero de vezes que cada porta do MUX03 foi utilizada : 
1 0 5 5 


Trabalhando agora no MUX04 que entra na porta 3 do MUX00.
A seguir a parte da matriz que sera trabalhada neste MUX

A A A B B B |C0 C1|S0 |S1 |S2 |S3 |S4 |S5 |
------------------------------------------|
0 1 1 1 0 1 | 1 1 | 0 | 0 | 1 | 1 | 1 | 1 | 
1 0 1 1 1 1 | 0 0 | 1 | 0 | 0 | 0 | 1 | 1 | 
1 1 0 0 1 1 | 1 1 | 0 | 1 | 0 | 0 | 1 | 0 | 
1 1 1 0 1 1 | 1 1 | 0 | 1 | 0 | 1 | 0 | 1 | 
1 1 1 1 0 1 | 1 1 | 1 | 0 | 0 | 0 | 1 | 1 | 




A A A B B B |C0 C1|S0 |S1 |S2 |S3 |S4 |S5 |
------------------------------------------|
0 1 1 1 0 1 | 1 1 | 0 | 0 | 1 | 1 | 1 | 1 | 
1 0 1 1 1 1 | 0 0 | 1 | 0 | 0 | 0 | 1 | 1 | 
1 1 0 0 1 1 | 1 1 | 0 | 1 | 0 | 0 | 1 | 0 | 
1 1 1 0 1 1 | 1 1 | 0 | 1 | 0 | 1 | 0 | 1 | 
1 1 1 1 0 1 | 1 1 | 1 | 0 | 0 | 0 | 1 | 1 | 


Encontrado na geracao : 10525 
Com Rank : 83 
Temos como Individuo que soluciona o MUX04 para o S2 : 
1 | 5 2 500 | 6 2 500 | 7 1 200 | 3 5 100 | 7 5 200 | 9 10 500 | 12 1 200 | 7 12 300 | 4 9 200 | 10 2 500 | 2 | 22
1 | 1 5 100 | 1 5 300 | 7 5 300 | 5 3 300 | 6 8 500 | 4 9 400 | 11 1 200 | 2 5 300 | 5 8 200 | 12 3 400 | 2 | -1


Situacao de cada porta do MUX04 : 
0 -1 -1 2 

Numero de vezes que cada porta do MUX04 foi utilizada : 
1 0 0 4 