N1 : 3 
N2 : 3 
LINHAS : 64 
COLUNAS : 6 

MAXIMO_MUTACOES : 3 
NUMERO_MAX_GERACOES : 3000000 
GERACOES_SEM_MUDANCA : 300000 
PERSISTENCIA : 1000 
INDIVIDUOS_POR_GERACAO : 4 
QTD_CH : 2 

NUMERO_PORTAS : 5 
AND : 100 
OR : 200 
NAND : 300 NOR : 400 
XOR : 500 
LINHAS_NOS : 2 
COLUNAS_NOS : 5 
NUMERO_NOS : 16 


Matriz Topologia : 

7 9 11 13 15 
8 10 12 14 16 



A A A B B B |C0 C1|S0 |S1 |S2 |S3 |S4 |S5 |
------------------------------------------|
0 0 0 0 0 0 | 0 0 | 0 | 0 | 0 | 0 | 0 | 0 | 
0 0 0 0 0 1 | 0 1 | 0 | 0 | 0 | 0 | 0 | 0 | 
0 0 0 0 1 0 | 0 0 | 0 | 0 | 0 | 0 | 0 | 0 | 
0 0 0 0 1 1 | 0 1 | 0 | 0 | 0 | 0 | 0 | 0 | 
0 0 0 1 0 0 | 0 0 | 0 | 0 | 0 | 0 | 0 | 0 | 
0 0 0 1 0 1 | 0 1 | 0 | 0 | 0 | 0 | 0 | 0 | 
0 0 0 1 1 0 | 0 0 | 0 | 0 | 0 | 0 | 0 | 0 | 
0 0 0 1 1 1 | 0 1 | 0 | 0 | 0 | 0 | 0 | 0 | 
0 0 1 0 0 0 | 0 0 | 0 | 0 | 0 | 0 | 0 | 0 | 
0 0 1 0 0 1 | 0 1 | 0 | 0 | 0 | 0 | 0 | 1 | 
0 0 1 0 1 0 | 0 0 | 0 | 0 | 0 | 0 | 1 | 0 | 
0 0 1 0 1 1 | 0 1 | 0 | 0 | 0 | 0 | 1 | 1 | 
0 0 1 1 0 0 | 0 0 | 0 | 0 | 0 | 1 | 0 | 0 | 
0 0 1 1 0 1 | 0 1 | 0 | 0 | 0 | 1 | 0 | 1 | 
0 0 1 1 1 0 | 0 0 | 0 | 0 | 0 | 1 | 1 | 0 | 
0 0 1 1 1 1 | 0 1 | 0 | 0 | 0 | 1 | 1 | 1 | 
0 1 0 0 0 0 | 0 0 | 0 | 0 | 0 | 0 | 0 | 0 | 
0 1 0 0 0 1 | 0 1 | 0 | 0 | 0 | 0 | 1 | 0 | 
0 1 0 0 1 0 | 0 0 | 0 | 0 | 0 | 1 | 0 | 0 | 
0 1 0 0 1 1 | 0 1 | 0 | 0 | 0 | 1 | 1 | 0 | 
0 1 0 1 0 0 | 0 0 | 0 | 0 | 1 | 0 | 0 | 0 | 
0 1 0 1 0 1 | 0 1 | 0 | 0 | 1 | 0 | 1 | 0 | 
0 1 0 1 1 0 | 0 0 | 0 | 0 | 1 | 1 | 0 | 0 | 
0 1 0 1 1 1 | 0 1 | 0 | 0 | 1 | 1 | 1 | 0 | 
0 1 1 0 0 0 | 0 0 | 0 | 0 | 0 | 0 | 0 | 0 | 
0 1 1 0 0 1 | 0 1 | 0 | 0 | 0 | 0 | 1 | 1 | 
0 1 1 0 1 0 | 0 0 | 0 | 0 | 0 | 1 | 1 | 0 | 
0 1 1 0 1 1 | 0 1 | 0 | 0 | 1 | 0 | 0 | 1 | 
0 1 1 1 0 0 | 0 0 | 0 | 0 | 1 | 1 | 0 | 0 | 
0 1 1 1 0 1 | 0 1 | 0 | 0 | 1 | 1 | 1 | 1 | 
0 1 1 1 1 0 | 0 0 | 0 | 1 | 0 | 0 | 1 | 0 | 
0 1 1 1 1 1 | 0 1 | 0 | 1 | 0 | 1 | 0 | 1 | 
1 0 0 0 0 0 | 1 0 | 0 | 0 | 0 | 0 | 0 | 0 | 
1 0 0 0 0 1 | 1 1 | 0 | 0 | 0 | 1 | 0 | 0 | 
1 0 0 0 1 0 | 1 0 | 0 | 0 | 1 | 0 | 0 | 0 | 
1 0 0 0 1 1 | 1 1 | 0 | 0 | 1 | 1 | 0 | 0 | 
1 0 0 1 0 0 | 1 0 | 0 | 1 | 0 | 0 | 0 | 0 | 
1 0 0 1 0 1 | 1 1 | 0 | 1 | 0 | 1 | 0 | 0 | 
1 0 0 1 1 0 | 1 0 | 0 | 1 | 1 | 0 | 0 | 0 | 
1 0 0 1 1 1 | 1 1 | 0 | 1 | 1 | 1 | 0 | 0 | 
1 0 1 0 0 0 | 1 0 | 0 | 0 | 0 | 0 | 0 | 0 | 
1 0 1 0 0 1 | 1 1 | 0 | 0 | 0 | 1 | 0 | 1 | 
1 0 1 0 1 0 | 1 0 | 0 | 0 | 1 | 0 | 1 | 0 | 
1 0 1 0 1 1 | 1 1 | 0 | 0 | 1 | 1 | 1 | 1 | 
1 0 1 1 0 0 | 1 0 | 0 | 1 | 0 | 1 | 0 | 0 | 
1 0 1 1 0 1 | 1 1 | 0 | 1 | 1 | 0 | 0 | 1 | 
1 0 1 1 1 0 | 1 0 | 0 | 1 | 1 | 1 | 1 | 0 | 
1 0 1 1 1 1 | 1 1 | 1 | 0 | 0 | 0 | 1 | 1 | 
1 1 0 0 0 0 | 1 0 | 0 | 0 | 0 | 0 | 0 | 0 | 
1 1 0 0 0 1 | 1 1 | 0 | 0 | 0 | 1 | 1 | 0 | 
1 1 0 0 1 0 | 1 0 | 0 | 0 | 1 | 1 | 0 | 0 | 
1 1 0 0 1 1 | 1 1 | 0 | 1 | 0 | 0 | 1 | 0 | 
1 1 0 1 0 0 | 1 0 | 0 | 1 | 1 | 0 | 0 | 0 | 
1 1 0 1 0 1 | 1 1 | 0 | 1 | 1 | 1 | 1 | 0 | 
1 1 0 1 1 0 | 1 0 | 1 | 0 | 0 | 1 | 0 | 0 | 
1 1 0 1 1 1 | 1 1 | 1 | 0 | 1 | 0 | 1 | 0 | 
1 1 1 0 0 0 | 1 0 | 0 | 0 | 0 | 0 | 0 | 0 | 
1 1 1 0 0 1 | 1 1 | 0 | 0 | 0 | 1 | 1 | 1 | 
1 1 1 0 1 0 | 1 0 | 0 | 0 | 1 | 1 | 1 | 0 | 
1 1 1 0 1 1 | 1 1 | 0 | 1 | 0 | 1 | 0 | 1 | 
1 1 1 1 0 0 | 1 0 | 0 | 1 | 1 | 1 | 0 | 0 | 
1 1 1 1 0 1 | 1 1 | 1 | 0 | 0 | 0 | 1 | 1 | 
1 1 1 1 1 0 | 1 0 | 1 | 0 | 1 | 0 | 1 | 0 | 
1 1 1 1 1 1 | 1 1 | 1 | 1 | 0 | 0 | 0 | 1 | 




 Evolucao!!!!  Geracao: 1. 	 Melhor rank ate esta geracao: 126 	 Valor do Multiplicador de Mutacoes : 1 

1 | 3 2 400 | 6 1 300 | 2 8 300 | 3 2 100 | 4 6 400 | 1 8 400 | 2 11 500 | 12 5 400 | 2 5 200 | 12 1 200 | 16 | 126
1 | 1 5 200 | 2 1 100 | 5 7 200 | 1 5 400 | 4 9 400 | 5 7 100 | 10 11 400 | 3 9 100 | 11 8 300 | 11 4 300 | 9 | -1



 Evolucao!!!!  Geracao: 4. 	 Melhor rank ate esta geracao: 170 	 Valor do Multiplicador de Mutacoes : 1 

1 | 3 2 400 | 6 1 300 | 2 8 300 | 3 8 100 | 4 6 400 | 1 8 400 | 2 11 500 | 12 5 400 | 2 5 200 | 10 1 200 | 16 | 170
1 | 1 5 200 | 2 1 100 | 5 7 200 | 1 5 400 | 4 9 400 | 5 7 100 | 10 11 400 | 3 9 100 | 11 8 300 | 5 4 300 | 9 | -1



 Evolucao!!!!  Geracao: 11. 	 Melhor rank ate esta geracao: 176 	 Valor do Multiplicador de Mutacoes : 1 

1 | 3 2 300 | 6 1 300 | 2 8 300 | 3 5 100 | 2 6 400 | 1 8 400 | 2 11 500 | 12 5 400 | 2 5 200 | 10 1 200 | 16 | 176
1 | 1 5 200 | 2 1 100 | 5 7 200 | 1 5 400 | 4 9 400 | 5 7 100 | 10 11 400 | 3 9 100 | 11 8 300 | 5 4 300 | 9 | -1



 Evolucao!!!!  Geracao: 12. 	 Melhor rank ate esta geracao: 177 	 Valor do Multiplicador de Mutacoes : 1 

1 | 3 2 300 | 6 1 300 | 2 8 300 | 3 5 100 | 2 6 400 | 1 8 400 | 2 11 500 | 12 5 400 | 2 5 200 | 10 1 200 | 16 | 177
1 | 1 5 400 | 2 1 100 | 5 7 200 | 1 5 400 | 4 9 400 | 5 7 100 | 10 11 200 | 3 9 100 | 11 8 300 | 5 4 300 | 9 | -1



 Evolucao!!!!  Geracao: 26. 	 Melhor rank ate esta geracao: 179 	 Valor do Multiplicador de Mutacoes : 1 

1 | 3 2 300 | 6 1 300 | 2 8 300 | 3 5 100 | 2 6 400 | 10 8 400 | 2 11 500 | 12 5 400 | 2 5 200 | 10 1 200 | 16 | 179
1 | 1 5 400 | 2 1 100 | 4 7 200 | 1 5 400 | 4 9 400 | 5 7 100 | 10 11 200 | 3 9 100 | 11 8 300 | 5 4 300 | 9 | -1



 Evolucao!!!!  Geracao: 44. 	 Melhor rank ate esta geracao: 182 	 Valor do Multiplicador de Mutacoes : 1 

1 | 3 2 300 | 5 1 300 | 2 8 300 | 3 5 100 | 2 6 400 | 10 8 400 | 2 11 500 | 12 5 400 | 2 5 200 | 10 1 200 | 16 | 182
1 | 1 4 400 | 2 1 100 | 4 7 200 | 1 5 400 | 4 9 400 | 5 7 100 | 10 11 200 | 3 9 100 | 11 8 300 | 12 4 300 | 9 | -1



 Evolucao!!!!  Geracao: 50. 	 Melhor rank ate esta geracao: 239 	 Valor do Multiplicador de Mutacoes : 1 

1 | 3 2 300 | 5 1 300 | 2 8 300 | 3 5 100 | 2 6 400 | 10 8 400 | 2 11 500 | 12 5 400 | 7 5 200 | 10 1 200 | 16 | 239
1 | 1 4 400 | 2 1 100 | 4 2 200 | 1 5 400 | 4 9 400 | 5 10 100 | 10 11 200 | 3 9 100 | 11 8 300 | 12 4 300 | 9 | -1



 Evolucao!!!!  Geracao: 79. 	 Melhor rank ate esta geracao: 253 	 Valor do Multiplicador de Mutacoes : 1 

1 | 3 2 300 | 5 1 300 | 2 8 300 | 3 5 100 | 2 6 400 | 10 8 400 | 2 11 500 | 12 5 400 | 7 5 200 | 10 1 200 | 16 | 253
1 | 1 4 400 | 2 1 100 | 4 8 200 | 1 5 400 | 4 9 300 | 5 10 200 | 10 11 200 | 3 9 100 | 11 8 300 | 12 4 300 | 9 | -1



 Evolucao!!!!  Geracao: 99. 	 Melhor rank ate esta geracao: 275 	 Valor do Multiplicador de Mutacoes : 1 

1 | 3 2 300 | 5 1 300 | 2 8 300 | 3 5 100 | 2 6 400 | 10 8 400 | 2 11 500 | 12 5 400 | 7 5 200 | 10 1 200 | 16 | 275
1 | 1 4 400 | 2 6 100 | 4 8 400 | 1 5 400 | 4 9 300 | 5 10 200 | 10 11 200 | 3 9 100 | 11 8 300 | 12 4 300 | 9 | -1



 Evolucao!!!!  Geracao: 15334. 	 Melhor rank ate esta geracao: 289 	 Valor do Multiplicador de Mutacoes : 1 

1 | 3 2 100 | 5 1 300 | 2 8 300 | 7 5 100 | 2 6 400 | 10 8 400 | 2 11 500 | 12 5 400 | 7 9 200 | 10 1 200 | 16 | 289
1 | 1 4 400 | 2 6 100 | 4 8 400 | 1 5 400 | 4 9 300 | 5 10 200 | 10 11 200 | 3 9 100 | 11 8 300 | 12 4 300 | 9 | -1



 Evolucao!!!!  Geracao: 80568. 	 Melhor rank ate esta geracao: 296 	 Valor do Multiplicador de Mutacoes : 1 

1 | 3 2 100 | 5 1 300 | 2 8 300 | 7 4 100 | 2 6 400 | 10 8 400 | 2 11 500 | 12 5 400 | 7 9 200 | 10 1 200 | 16 | 296
1 | 1 4 400 | 2 6 100 | 4 8 400 | 1 5 400 | 4 9 300 | 5 10 200 | 10 9 200 | 3 9 100 | 11 8 300 | 12 4 300 | 13 | -1



 Evolucao!!!!  Geracao: 88999. 	 Melhor rank ate esta geracao: 304 	 Valor do Multiplicador de Mutacoes : 1 

1 | 3 2 100 | 4 1 300 | 2 8 300 | 7 5 100 | 2 6 400 | 10 8 400 | 2 11 500 | 12 5 400 | 7 9 200 | 10 1 200 | 16 | 304
1 | 1 4 400 | 2 6 100 | 4 8 400 | 4 5 400 | 4 9 300 | 5 10 200 | 10 9 200 | 3 9 100 | 11 8 300 | 12 4 300 | 13 | -1



 Evolucao!!!!  Geracao: 99926. 	 Melhor rank ate esta geracao: 311 	 Valor do Multiplicador de Mutacoes : 1 

1 | 3 2 100 | 4 1 300 | 2 8 300 | 7 5 100 | 2 6 400 | 10 8 400 | 2 11 500 | 12 5 400 | 7 9 200 | 10 1 200 | 16 | 311
1 | 1 4 400 | 2 6 100 | 4 8 400 | 4 5 400 | 4 9 300 | 7 10 200 | 12 9 200 | 3 9 100 | 11 8 300 | 12 4 300 | 13 | -1



 Evolucao!!!!  Geracao: 162191. 	 Melhor rank ate esta geracao: 317 	 Valor do Multiplicador de Mutacoes : 1 

1 | 3 2 100 | 4 1 300 | 4 8 300 | 7 5 100 | 2 6 400 | 10 8 400 | 2 11 500 | 12 5 400 | 7 9 200 | 10 9 200 | 16 | 317
1 | 1 4 400 | 2 6 100 | 4 8 400 | 4 5 400 | 4 9 300 | 7 10 200 | 12 9 200 | 6 9 100 | 11 8 300 | 12 4 300 | 13 | -1



 Evolucao!!!!  Geracao: 800285. 	 Melhor rank ate esta geracao: 324 	 Valor do Multiplicador de Mutacoes : 1 

1 | 3 2 100 | 4 1 300 | 4 1 300 | 7 6 100 | 2 6 400 | 10 8 400 | 2 11 500 | 12 5 400 | 7 9 200 | 10 9 200 | 16 | 324
1 | 1 4 400 | 2 6 100 | 4 8 400 | 7 5 400 | 4 9 300 | 7 10 200 | 12 9 200 | 6 9 100 | 11 8 300 | 12 4 300 | 13 | -1



 Evolucao!!!!  Geracao: 800286. 	 Melhor rank ate esta geracao: 346 	 Valor do Multiplicador de Mutacoes : 1 

1 | 3 2 100 | 4 1 300 | 4 1 300 | 7 6 100 | 2 6 400 | 10 8 400 | 2 11 500 | 12 5 400 | 3 9 200 | 10 9 200 | 16 | 346
1 | 1 3 400 | 2 6 100 | 4 8 400 | 7 5 400 | 4 9 300 | 7 10 200 | 12 9 200 | 6 9 100 | 11 8 300 | 12 4 400 | 13 | -1



 Evolucao!!!!  Geracao: 802631. 	 Melhor rank ate esta geracao: 365 	 Valor do Multiplicador de Mutacoes : 1 

1 | 3 2 100 | 4 1 300 | 4 1 300 | 7 6 100 | 2 6 400 | 10 8 400 | 2 11 500 | 12 5 400 | 3 9 200 | 10 9 200 | 16 | 365
1 | 1 3 400 | 3 6 100 | 2 8 400 | 7 5 400 | 4 9 300 | 7 10 200 | 12 9 200 | 6 9 100 | 11 8 500 | 12 4 400 | 13 | -1



 Evolucao!!!!  Geracao: 802635. 	 Melhor rank ate esta geracao: 372 	 Valor do Multiplicador de Mutacoes : 1 

1 | 3 2 100 | 4 1 300 | 4 1 300 | 7 6 100 | 2 6 400 | 10 8 400 | 2 11 500 | 12 5 400 | 3 9 200 | 10 9 200 | 16 | 372
1 | 1 4 400 | 3 6 100 | 2 8 400 | 7 5 400 | 4 9 300 | 7 10 200 | 12 9 200 | 5 9 100 | 11 8 500 | 12 4 100 | 13 | -1



A A A B B B |C0 C1|S0 |S1 |S2 |S3 |S4 |S5 |
------------------------------------------|
0 0 0 0 0 0 | 1 1 | 0 | 0 | 0 | 0 | 0 | 0 | 
0 0 0 0 0 1 | 1 1 | 0 | 0 | 0 | 0 | 0 | 0 | 
0 0 0 0 1 0 | 1 1 | 0 | 0 | 0 | 0 | 0 | 0 | 
0 0 0 0 1 1 | 1 1 | 0 | 0 | 0 | 0 | 0 | 0 | 
0 0 0 1 0 0 | 1 1 | 0 | 0 | 0 | 0 | 0 | 0 | 
0 0 0 1 0 1 | 1 1 | 0 | 0 | 0 | 0 | 0 | 0 | 
0 0 0 1 1 0 | 1 1 | 0 | 0 | 0 | 0 | 0 | 0 | 
0 0 0 1 1 1 | 1 1 | 0 | 0 | 0 | 0 | 0 | 0 | 
0 0 1 0 0 0 | 1 1 | 0 | 0 | 0 | 0 | 0 | 0 | 
0 0 1 0 0 1 | 1 1 | 0 | 0 | 0 | 0 | 0 | 1 | 
0 0 1 0 1 0 | 1 1 | 0 | 0 | 0 | 0 | 1 | 0 | 
0 0 1 0 1 1 | 1 1 | 0 | 0 | 0 | 0 | 1 | 1 | 
0 0 1 1 0 0 | 1 1 | 0 | 0 | 0 | 1 | 0 | 0 | 
0 0 1 1 0 1 | 1 1 | 0 | 0 | 0 | 1 | 0 | 1 | 
0 0 1 1 1 0 | 1 1 | 0 | 0 | 0 | 1 | 1 | 0 | 
0 0 1 1 1 1 | 1 0 | 0 | 0 | 0 | 1 | 1 | 1 | 
0 1 0 0 0 0 | 1 1 | 0 | 0 | 0 | 0 | 0 | 0 | 
0 1 0 0 0 1 | 1 1 | 0 | 0 | 0 | 0 | 1 | 0 | 
0 1 0 0 1 0 | 1 1 | 0 | 0 | 0 | 1 | 0 | 0 | 
0 1 0 0 1 1 | 1 1 | 0 | 0 | 0 | 1 | 1 | 0 | 
0 1 0 1 0 0 | 1 1 | 0 | 0 | 1 | 0 | 0 | 0 | 
0 1 0 1 0 1 | 1 1 | 0 | 0 | 1 | 0 | 1 | 0 | 
0 1 0 1 1 0 | 1 0 | 0 | 0 | 1 | 1 | 0 | 0 | 
0 1 0 1 1 1 | 1 0 | 0 | 0 | 1 | 1 | 1 | 0 | 
0 1 1 0 0 0 | 1 1 | 0 | 0 | 0 | 0 | 0 | 0 | 
0 1 1 0 0 1 | 1 1 | 0 | 0 | 0 | 0 | 1 | 1 | 
0 1 1 0 1 0 | 1 1 | 0 | 0 | 0 | 1 | 1 | 0 | 
0 1 1 0 1 1 | 1 1 | 0 | 0 | 1 | 0 | 0 | 1 | 
0 1 1 1 0 0 | 1 1 | 0 | 0 | 1 | 1 | 0 | 0 | 
0 1 1 1 0 1 | 1 1 | 0 | 0 | 1 | 1 | 1 | 1 | 
0 1 1 1 1 0 | 1 0 | 0 | 1 | 0 | 0 | 1 | 0 | 
0 1 1 1 1 1 | 1 0 | 0 | 1 | 0 | 1 | 0 | 1 | 
1 0 0 0 0 0 | 1 1 | 0 | 0 | 0 | 0 | 0 | 0 | 
1 0 0 0 0 1 | 1 1 | 0 | 0 | 0 | 1 | 0 | 0 | 
1 0 0 0 1 0 | 1 1 | 0 | 0 | 1 | 0 | 0 | 0 | 
1 0 0 0 1 1 | 1 1 | 0 | 0 | 1 | 1 | 0 | 0 | 
1 0 0 1 0 0 | 0 1 | 0 | 1 | 0 | 0 | 0 | 0 | 
1 0 0 1 0 1 | 0 1 | 0 | 1 | 0 | 1 | 0 | 0 | 
1 0 0 1 1 0 | 0 1 | 0 | 1 | 1 | 0 | 0 | 0 | 
1 0 0 1 1 1 | 0 1 | 0 | 1 | 1 | 1 | 0 | 0 | 
1 0 1 0 0 0 | 1 1 | 0 | 0 | 0 | 0 | 0 | 0 | 
1 0 1 0 0 1 | 1 1 | 0 | 0 | 0 | 1 | 0 | 1 | 
1 0 1 0 1 0 | 1 1 | 0 | 0 | 1 | 0 | 1 | 0 | 
1 0 1 0 1 1 | 1 0 | 0 | 0 | 1 | 1 | 1 | 1 | 
1 0 1 1 0 0 | 0 1 | 0 | 1 | 0 | 1 | 0 | 0 | 
1 0 1 1 0 1 | 0 1 | 0 | 1 | 1 | 0 | 0 | 1 | 
1 0 1 1 1 0 | 0 1 | 0 | 1 | 1 | 1 | 1 | 0 | 
1 0 1 1 1 1 | 0 0 | 1 | 0 | 0 | 0 | 1 | 1 | 
1 1 0 0 0 0 | 1 1 | 0 | 0 | 0 | 0 | 0 | 0 | 
1 1 0 0 0 1 | 1 1 | 0 | 0 | 0 | 1 | 1 | 0 | 
1 1 0 0 1 0 | 1 0 | 0 | 0 | 1 | 1 | 0 | 0 | 
1 1 0 0 1 1 | 1 0 | 0 | 1 | 0 | 0 | 1 | 0 | 
1 1 0 1 0 0 | 0 1 | 0 | 1 | 1 | 0 | 0 | 0 | 
1 1 0 1 0 1 | 0 1 | 0 | 1 | 1 | 1 | 1 | 0 | 
1 1 0 1 1 0 | 0 0 | 1 | 0 | 0 | 1 | 0 | 0 | 
1 1 0 1 1 1 | 0 0 | 1 | 0 | 1 | 0 | 1 | 0 | 
1 1 1 0 0 0 | 1 1 | 0 | 0 | 0 | 0 | 0 | 0 | 
1 1 1 0 0 1 | 1 1 | 0 | 0 | 0 | 1 | 1 | 1 | 
1 1 1 0 1 0 | 1 0 | 0 | 0 | 1 | 1 | 1 | 0 | 
1 1 1 0 1 1 | 1 0 | 0 | 1 | 0 | 1 | 0 | 1 | 
1 1 1 1 0 0 | 0 1 | 0 | 1 | 1 | 1 | 0 | 0 | 
1 1 1 1 0 1 | 1 1 | 1 | 0 | 0 | 0 | 1 | 1 | 
1 1 1 1 1 0 | 0 0 | 1 | 0 | 1 | 0 | 1 | 0 | 
1 1 1 1 1 1 | 1 0 | 1 | 1 | 0 | 0 | 0 | 1 | 


Apos avaliar 3000000 geracoes nao foi possivel encontrar um Individuo que solucionasse S1. 
Com um Rank de 372 o melhor Individuo encontrado foi : 
1 | 3 2 100 | 4 1 300 | 4 1 300 | 7 6 100 | 2 6 400 | 10 8 400 | 2 11 500 | 12 5 400 | 3 9 200 | 10 9 200 | 16 | 372
1 | 1 4 400 | 3 6 100 | 2 8 400 | 7 5 400 | 4 9 300 | 7 10 200 | 12 9 200 | 5 9 100 | 11 8 500 | 12 4 100 | 13 | -1


Situacao de cada porta do MUX00 : 
0 1 2 0 
Legenda 
porta travada em zero = 0 
porta travada em um = 1 
porta nao utilizada = -1 
porta com necessidade de mais um MUX = 2 

Numero de vezes que cada porta do MUX00 foi utilizada : 
4 10 11 39 


Trabalhando agora no MUX03 que entra na porta 2 do MUX00.
A seguir a parte da matriz que sera trabalhada neste MUX

A A A B B B |C0 C1|S0 |S1 |S2 |S3 |S4 |S5 |
------------------------------------------|
0 0 1 1 1 1 | 0 0 | 0 | 0 | 0 | 1 | 1 | 1 | 
0 1 0 1 1 0 | 1 1 | 0 | 0 | 1 | 1 | 0 | 0 | 
0 1 0 1 1 1 | 1 0 | 0 | 0 | 1 | 1 | 1 | 0 | 
0 1 1 1 1 0 | 0 1 | 0 | 1 | 0 | 0 | 1 | 0 | 
0 1 1 1 1 1 | 0 0 | 0 | 1 | 0 | 1 | 0 | 1 | 
1 0 1 0 1 1 | 0 0 | 0 | 0 | 1 | 1 | 1 | 1 | 
1 1 0 0 1 0 | 1 1 | 0 | 0 | 1 | 1 | 0 | 0 | 
1 1 0 0 1 1 | 1 0 | 0 | 1 | 0 | 0 | 1 | 0 | 
1 1 1 0 1 0 | 0 1 | 0 | 0 | 1 | 1 | 1 | 0 | 
1 1 1 0 1 1 | 0 0 | 0 | 1 | 0 | 1 | 0 | 1 | 
1 1 1 1 1 1 | 0 0 | 1 | 1 | 0 | 0 | 0 | 1 | 




 Evolucao!!!!  Geracao: 1. 	 Melhor rank ate esta geracao: 18 	 Valor do Multiplicador de Mutacoes : 1 

1 | 5 3 300 | 5 2 200 | 8 3 300 | 8 5 100 | 3 10 100 | 2 9 300 | 5 6 400 | 11 6 200 | 9 12 500 | 14 8 100 | 9 | 18
1 | 6 3 300 | 6 5 500 | 7 4 500 | 5 8 100 | 3 8 300 | 9 4 100 | 4 7 200 | 3 6 200 | 14 4 500 | 8 6 400 | 8 | -1



 Evolucao!!!!  Geracao: 5. 	 Melhor rank ate esta geracao: 20 	 Valor do Multiplicador de Mutacoes : 1 

1 | 5 3 300 | 5 2 200 | 8 3 300 | 8 5 100 | 3 10 100 | 2 9 300 | 5 6 200 | 11 6 200 | 9 12 500 | 14 8 100 | 9 | 20
1 | 6 3 300 | 6 1 500 | 7 4 500 | 5 2 100 | 3 8 300 | 9 4 100 | 4 7 200 | 3 6 200 | 14 4 500 | 8 6 400 | 8 | -1



 Evolucao!!!!  Geracao: 6. 	 Melhor rank ate esta geracao: 39 	 Valor do Multiplicador de Mutacoes : 1 

1 | 5 3 300 | 4 2 200 | 8 3 300 | 8 5 100 | 3 10 100 | 2 9 300 | 5 6 200 | 11 6 200 | 9 12 400 | 14 8 100 | 9 | 39
1 | 6 3 300 | 6 1 500 | 7 4 500 | 5 2 100 | 3 8 300 | 9 4 100 | 4 7 200 | 3 6 200 | 14 4 500 | 8 6 400 | 8 | -1



 Evolucao!!!!  Geracao: 10. 	 Melhor rank ate esta geracao: 45 	 Valor do Multiplicador de Mutacoes : 1 

1 | 5 3 300 | 4 2 200 | 8 3 300 | 6 5 100 | 3 10 100 | 2 9 300 | 5 6 200 | 11 6 200 | 9 12 400 | 14 8 100 | 9 | 45
1 | 6 3 300 | 6 2 500 | 7 4 500 | 5 2 100 | 3 8 300 | 9 4 100 | 4 7 200 | 3 6 200 | 14 4 500 | 8 6 400 | 8 | -1



 Evolucao!!!!  Geracao: 42. 	 Melhor rank ate esta geracao: 50 	 Valor do Multiplicador de Mutacoes : 1 

1 | 5 3 300 | 4 2 100 | 8 3 300 | 6 5 100 | 3 10 100 | 2 9 300 | 5 6 200 | 11 5 200 | 9 12 400 | 14 8 100 | 9 | 50
1 | 6 3 300 | 4 2 500 | 7 4 500 | 5 2 100 | 3 8 300 | 9 4 100 | 4 7 200 | 3 6 200 | 14 4 500 | 8 6 400 | 8 | -1



 Evolucao!!!!  Geracao: 104. 	 Melhor rank ate esta geracao: 58 	 Valor do Multiplicador de Mutacoes : 1 

1 | 5 3 300 | 4 2 100 | 8 3 300 | 6 5 100 | 3 7 100 | 2 9 300 | 5 6 200 | 11 5 200 | 9 12 400 | 14 8 100 | 9 | 58
1 | 6 3 300 | 6 2 500 | 7 4 500 | 5 2 100 | 3 8 300 | 9 4 100 | 4 7 500 | 3 6 200 | 14 4 500 | 8 6 400 | 8 | -1



 Evolucao!!!!  Geracao: 1324. 	 Melhor rank ate esta geracao: 64 	 Valor do Multiplicador de Mutacoes : 1 

1 | 6 3 300 | 4 2 100 | 8 7 300 | 6 5 100 | 3 7 100 | 2 9 300 | 5 6 200 | 11 5 200 | 9 12 400 | 14 8 100 | 9 | 64
1 | 6 3 300 | 6 2 500 | 7 4 500 | 5 2 100 | 3 8 300 | 9 4 100 | 4 7 500 | 3 6 200 | 14 1 500 | 8 6 400 | 8 | -1



A A A B B B |C0 C1|S0 |S1 |S2 |S3 |S4 |S5 |
------------------------------------------|
0 0 1 1 1 1 | 1 1 | 0 | 0 | 0 | 1 | 1 | 1 | 
0 1 0 1 1 0 | 1 1 | 0 | 0 | 1 | 1 | 0 | 0 | 
0 1 0 1 1 1 | 0 0 | 0 | 0 | 1 | 1 | 1 | 0 | 
0 1 1 1 1 0 | 0 1 | 0 | 1 | 0 | 0 | 1 | 0 | 
0 1 1 1 1 1 | 1 0 | 0 | 1 | 0 | 1 | 0 | 1 | 
1 0 1 0 1 1 | 1 1 | 0 | 0 | 1 | 1 | 1 | 1 | 
1 1 0 0 1 0 | 1 1 | 0 | 0 | 1 | 1 | 0 | 0 | 
1 1 0 0 1 1 | 1 0 | 0 | 1 | 0 | 0 | 1 | 0 | 
1 1 1 0 1 0 | 1 1 | 0 | 0 | 1 | 1 | 1 | 0 | 
1 1 1 0 1 1 | 1 0 | 0 | 1 | 0 | 1 | 0 | 1 | 
1 1 1 1 1 1 | 1 0 | 1 | 1 | 0 | 0 | 0 | 1 | 


Encontrado na geracao : 1403 
Com Rank : 77 
Temos como Individuo que soluciona o MUX03 para o S1 : 
1 | 6 3 500 | 4 2 100 | 8 7 300 | 6 5 100 | 3 7 100 | 2 9 300 | 5 6 200 | 11 5 200 | 9 12 400 | 14 8 100 | 9 | 77
1 | 6 3 300 | 6 2 500 | 7 4 500 | 5 2 100 | 3 8 300 | 9 4 100 | 4 7 500 | 3 6 500 | 14 1 500 | 8 6 400 | 8 | -1


Situacao de cada porta do MUX03 : 
0 1 1 0 

Numero de vezes que cada porta do MUX03 foi utilizada : 
1 1 4 5 