N1 : 4 
N2 : 4 
LINHAS : 256 
COLUNAS : 8 

MAXIMO_MUTACOES : 3 
NUMERO_MAX_GERACOES : 3000000 
GERACOES_SEM_MUDANCA : 300000 
PERSISTENCIA : 1000 
INDIVIDUOS_POR_GERACAO : 4 
QTD_CH : 2 

NUMERO_PORTAS : 5 
AND : 100 
OR : 200 
NAND : 300 NOR : 400 
XOR : 500 
LINHAS_NOS : 2 
COLUNAS_NOS : 5 
NUMERO_NOS : 18 


Matriz Topologia : 

9 11 13 15 17 
10 12 14 16 18 



A A A A B B B B |C0 C1|S0 |S1 |S2 |S3 |S4 |S5 |S6 |S7 |
------------------------------------------------------|
0 0 0 0 0 0 0 0 | 0 0 | 0 | 0 | 0 | 0 | 0 | 0 | 0 | 0 | 
0 0 0 0 0 0 0 1 | 0 1 | 0 | 0 | 0 | 0 | 0 | 0 | 0 | 0 | 
0 0 0 0 0 0 1 0 | 0 0 | 0 | 0 | 0 | 0 | 0 | 0 | 0 | 0 | 
0 0 0 0 0 0 1 1 | 0 1 | 0 | 0 | 0 | 0 | 0 | 0 | 0 | 0 | 
0 0 0 0 0 1 0 0 | 1 0 | 0 | 0 | 0 | 0 | 0 | 0 | 0 | 0 | 
0 0 0 0 0 1 0 1 | 1 1 | 0 | 0 | 0 | 0 | 0 | 0 | 0 | 0 | 
0 0 0 0 0 1 1 0 | 1 0 | 0 | 0 | 0 | 0 | 0 | 0 | 0 | 0 | 
0 0 0 0 0 1 1 1 | 1 1 | 0 | 0 | 0 | 0 | 0 | 0 | 0 | 0 | 
0 0 0 0 1 0 0 0 | 0 0 | 0 | 0 | 0 | 0 | 0 | 0 | 0 | 0 | 
0 0 0 0 1 0 0 1 | 0 1 | 0 | 0 | 0 | 0 | 0 | 0 | 0 | 0 | 
0 0 0 0 1 0 1 0 | 0 0 | 0 | 0 | 0 | 0 | 0 | 0 | 0 | 0 | 
0 0 0 0 1 0 1 1 | 0 1 | 0 | 0 | 0 | 0 | 0 | 0 | 0 | 0 | 
0 0 0 0 1 1 0 0 | 1 0 | 0 | 0 | 0 | 0 | 0 | 0 | 0 | 0 | 
0 0 0 0 1 1 0 1 | 1 1 | 0 | 0 | 0 | 0 | 0 | 0 | 0 | 0 | 
0 0 0 0 1 1 1 0 | 1 0 | 0 | 0 | 0 | 0 | 0 | 0 | 0 | 0 | 
0 0 0 0 1 1 1 1 | 1 1 | 0 | 0 | 0 | 0 | 0 | 0 | 0 | 0 | 
0 0 0 1 0 0 0 0 | 0 0 | 0 | 0 | 0 | 0 | 0 | 0 | 0 | 0 | 
0 0 0 1 0 0 0 1 | 0 1 | 0 | 0 | 0 | 0 | 0 | 0 | 0 | 1 | 
0 0 0 1 0 0 1 0 | 0 0 | 0 | 0 | 0 | 0 | 0 | 0 | 1 | 0 | 
0 0 0 1 0 0 1 1 | 0 1 | 0 | 0 | 0 | 0 | 0 | 0 | 1 | 1 | 
0 0 0 1 0 1 0 0 | 1 0 | 0 | 0 | 0 | 0 | 0 | 1 | 0 | 0 | 
0 0 0 1 0 1 0 1 | 1 1 | 0 | 0 | 0 | 0 | 0 | 1 | 0 | 1 | 
0 0 0 1 0 1 1 0 | 1 0 | 0 | 0 | 0 | 0 | 0 | 1 | 1 | 0 | 
0 0 0 1 0 1 1 1 | 1 1 | 0 | 0 | 0 | 0 | 0 | 1 | 1 | 1 | 
0 0 0 1 1 0 0 0 | 0 0 | 0 | 0 | 0 | 0 | 1 | 0 | 0 | 0 | 
0 0 0 1 1 0 0 1 | 0 1 | 0 | 0 | 0 | 0 | 1 | 0 | 0 | 1 | 
0 0 0 1 1 0 1 0 | 0 0 | 0 | 0 | 0 | 0 | 1 | 0 | 1 | 0 | 
0 0 0 1 1 0 1 1 | 0 1 | 0 | 0 | 0 | 0 | 1 | 0 | 1 | 1 | 
0 0 0 1 1 1 0 0 | 1 0 | 0 | 0 | 0 | 0 | 1 | 1 | 0 | 0 | 
0 0 0 1 1 1 0 1 | 1 1 | 0 | 0 | 0 | 0 | 1 | 1 | 0 | 1 | 
0 0 0 1 1 1 1 0 | 1 0 | 0 | 0 | 0 | 0 | 1 | 1 | 1 | 0 | 
0 0 0 1 1 1 1 1 | 1 1 | 0 | 0 | 0 | 0 | 1 | 1 | 1 | 1 | 
0 0 1 0 0 0 0 0 | 0 0 | 0 | 0 | 0 | 0 | 0 | 0 | 0 | 0 | 
0 0 1 0 0 0 0 1 | 0 1 | 0 | 0 | 0 | 0 | 0 | 0 | 1 | 0 | 
0 0 1 0 0 0 1 0 | 0 0 | 0 | 0 | 0 | 0 | 0 | 1 | 0 | 0 | 
0 0 1 0 0 0 1 1 | 0 1 | 0 | 0 | 0 | 0 | 0 | 1 | 1 | 0 | 
0 0 1 0 0 1 0 0 | 1 0 | 0 | 0 | 0 | 0 | 1 | 0 | 0 | 0 | 
0 0 1 0 0 1 0 1 | 1 1 | 0 | 0 | 0 | 0 | 1 | 0 | 1 | 0 | 
0 0 1 0 0 1 1 0 | 1 0 | 0 | 0 | 0 | 0 | 1 | 1 | 0 | 0 | 
0 0 1 0 0 1 1 1 | 1 1 | 0 | 0 | 0 | 0 | 1 | 1 | 1 | 0 | 
0 0 1 0 1 0 0 0 | 0 0 | 0 | 0 | 0 | 1 | 0 | 0 | 0 | 0 | 
0 0 1 0 1 0 0 1 | 0 1 | 0 | 0 | 0 | 1 | 0 | 0 | 1 | 0 | 
0 0 1 0 1 0 1 0 | 0 0 | 0 | 0 | 0 | 1 | 0 | 1 | 0 | 0 | 
0 0 1 0 1 0 1 1 | 0 1 | 0 | 0 | 0 | 1 | 0 | 1 | 1 | 0 | 
0 0 1 0 1 1 0 0 | 1 0 | 0 | 0 | 0 | 1 | 1 | 0 | 0 | 0 | 
0 0 1 0 1 1 0 1 | 1 1 | 0 | 0 | 0 | 1 | 1 | 0 | 1 | 0 | 
0 0 1 0 1 1 1 0 | 1 0 | 0 | 0 | 0 | 1 | 1 | 1 | 0 | 0 | 
0 0 1 0 1 1 1 1 | 1 1 | 0 | 0 | 0 | 1 | 1 | 1 | 1 | 0 | 
0 0 1 1 0 0 0 0 | 0 0 | 0 | 0 | 0 | 0 | 0 | 0 | 0 | 0 | 
0 0 1 1 0 0 0 1 | 0 1 | 0 | 0 | 0 | 0 | 0 | 0 | 1 | 1 | 
0 0 1 1 0 0 1 0 | 0 0 | 0 | 0 | 0 | 0 | 0 | 1 | 1 | 0 | 
0 0 1 1 0 0 1 1 | 0 1 | 0 | 0 | 0 | 0 | 1 | 0 | 0 | 1 | 
0 0 1 1 0 1 0 0 | 1 0 | 0 | 0 | 0 | 0 | 1 | 1 | 0 | 0 | 
0 0 1 1 0 1 0 1 | 1 1 | 0 | 0 | 0 | 0 | 1 | 1 | 1 | 1 | 
0 0 1 1 0 1 1 0 | 1 0 | 0 | 0 | 0 | 1 | 0 | 0 | 1 | 0 | 
0 0 1 1 0 1 1 1 | 1 1 | 0 | 0 | 0 | 1 | 0 | 1 | 0 | 1 | 
0 0 1 1 1 0 0 0 | 0 0 | 0 | 0 | 0 | 1 | 1 | 0 | 0 | 0 | 
0 0 1 1 1 0 0 1 | 0 1 | 0 | 0 | 0 | 1 | 1 | 0 | 1 | 1 | 
0 0 1 1 1 0 1 0 | 0 0 | 0 | 0 | 0 | 1 | 1 | 1 | 1 | 0 | 
0 0 1 1 1 0 1 1 | 0 1 | 0 | 0 | 1 | 0 | 0 | 0 | 0 | 1 | 
0 0 1 1 1 1 0 0 | 1 0 | 0 | 0 | 1 | 0 | 0 | 1 | 0 | 0 | 
0 0 1 1 1 1 0 1 | 1 1 | 0 | 0 | 1 | 0 | 0 | 1 | 1 | 1 | 
0 0 1 1 1 1 1 0 | 1 0 | 0 | 0 | 1 | 0 | 1 | 0 | 1 | 0 | 
0 0 1 1 1 1 1 1 | 1 1 | 0 | 0 | 1 | 0 | 1 | 1 | 0 | 1 | 
0 1 0 0 0 0 0 0 | 0 0 | 0 | 0 | 0 | 0 | 0 | 0 | 0 | 0 | 
0 1 0 0 0 0 0 1 | 0 1 | 0 | 0 | 0 | 0 | 0 | 1 | 0 | 0 | 
0 1 0 0 0 0 1 0 | 0 0 | 0 | 0 | 0 | 0 | 1 | 0 | 0 | 0 | 
0 1 0 0 0 0 1 1 | 0 1 | 0 | 0 | 0 | 0 | 1 | 1 | 0 | 0 | 
0 1 0 0 0 1 0 0 | 1 0 | 0 | 0 | 0 | 1 | 0 | 0 | 0 | 0 | 
0 1 0 0 0 1 0 1 | 1 1 | 0 | 0 | 0 | 1 | 0 | 1 | 0 | 0 | 
0 1 0 0 0 1 1 0 | 1 0 | 0 | 0 | 0 | 1 | 1 | 0 | 0 | 0 | 
0 1 0 0 0 1 1 1 | 1 1 | 0 | 0 | 0 | 1 | 1 | 1 | 0 | 0 | 
0 1 0 0 1 0 0 0 | 0 0 | 0 | 0 | 1 | 0 | 0 | 0 | 0 | 0 | 
0 1 0 0 1 0 0 1 | 0 1 | 0 | 0 | 1 | 0 | 0 | 1 | 0 | 0 | 
0 1 0 0 1 0 1 0 | 0 0 | 0 | 0 | 1 | 0 | 1 | 0 | 0 | 0 | 
0 1 0 0 1 0 1 1 | 0 1 | 0 | 0 | 1 | 0 | 1 | 1 | 0 | 0 | 
0 1 0 0 1 1 0 0 | 1 0 | 0 | 0 | 1 | 1 | 0 | 0 | 0 | 0 | 
0 1 0 0 1 1 0 1 | 1 1 | 0 | 0 | 1 | 1 | 0 | 1 | 0 | 0 | 
0 1 0 0 1 1 1 0 | 1 0 | 0 | 0 | 1 | 1 | 1 | 0 | 0 | 0 | 
0 1 0 0 1 1 1 1 | 1 1 | 0 | 0 | 1 | 1 | 1 | 1 | 0 | 0 | 
0 1 0 1 0 0 0 0 | 0 0 | 0 | 0 | 0 | 0 | 0 | 0 | 0 | 0 | 
0 1 0 1 0 0 0 1 | 0 1 | 0 | 0 | 0 | 0 | 0 | 1 | 0 | 1 | 
0 1 0 1 0 0 1 0 | 0 0 | 0 | 0 | 0 | 0 | 1 | 0 | 1 | 0 | 
0 1 0 1 0 0 1 1 | 0 1 | 0 | 0 | 0 | 0 | 1 | 1 | 1 | 1 | 
0 1 0 1 0 1 0 0 | 1 0 | 0 | 0 | 0 | 1 | 0 | 1 | 0 | 0 | 
0 1 0 1 0 1 0 1 | 1 1 | 0 | 0 | 0 | 1 | 1 | 0 | 0 | 1 | 
0 1 0 1 0 1 1 0 | 1 0 | 0 | 0 | 0 | 1 | 1 | 1 | 1 | 0 | 
0 1 0 1 0 1 1 1 | 1 1 | 0 | 0 | 1 | 0 | 0 | 0 | 1 | 1 | 
0 1 0 1 1 0 0 0 | 0 0 | 0 | 0 | 1 | 0 | 1 | 0 | 0 | 0 | 
0 1 0 1 1 0 0 1 | 0 1 | 0 | 0 | 1 | 0 | 1 | 1 | 0 | 1 | 
0 1 0 1 1 0 1 0 | 0 0 | 0 | 0 | 1 | 1 | 0 | 0 | 1 | 0 | 
0 1 0 1 1 0 1 1 | 0 1 | 0 | 0 | 1 | 1 | 0 | 1 | 1 | 1 | 
0 1 0 1 1 1 0 0 | 1 0 | 0 | 0 | 1 | 1 | 1 | 1 | 0 | 0 | 
0 1 0 1 1 1 0 1 | 1 1 | 0 | 1 | 0 | 0 | 0 | 0 | 0 | 1 | 
0 1 0 1 1 1 1 0 | 1 0 | 0 | 1 | 0 | 0 | 0 | 1 | 1 | 0 | 
0 1 0 1 1 1 1 1 | 1 1 | 0 | 1 | 0 | 0 | 1 | 0 | 1 | 1 | 
0 1 1 0 0 0 0 0 | 0 0 | 0 | 0 | 0 | 0 | 0 | 0 | 0 | 0 | 
0 1 1 0 0 0 0 1 | 0 1 | 0 | 0 | 0 | 0 | 0 | 1 | 1 | 0 | 
0 1 1 0 0 0 1 0 | 0 0 | 0 | 0 | 0 | 0 | 1 | 1 | 0 | 0 | 
0 1 1 0 0 0 1 1 | 0 1 | 0 | 0 | 0 | 1 | 0 | 0 | 1 | 0 | 
0 1 1 0 0 1 0 0 | 1 0 | 0 | 0 | 0 | 1 | 1 | 0 | 0 | 0 | 
0 1 1 0 0 1 0 1 | 1 1 | 0 | 0 | 0 | 1 | 1 | 1 | 1 | 0 | 
0 1 1 0 0 1 1 0 | 1 0 | 0 | 0 | 1 | 0 | 0 | 1 | 0 | 0 | 
0 1 1 0 0 1 1 1 | 1 1 | 0 | 0 | 1 | 0 | 1 | 0 | 1 | 0 | 
0 1 1 0 1 0 0 0 | 0 0 | 0 | 0 | 1 | 1 | 0 | 0 | 0 | 0 | 
0 1 1 0 1 0 0 1 | 0 1 | 0 | 0 | 1 | 1 | 0 | 1 | 1 | 0 | 
0 1 1 0 1 0 1 0 | 0 0 | 0 | 0 | 1 | 1 | 1 | 1 | 0 | 0 | 
0 1 1 0 1 0 1 1 | 0 1 | 0 | 1 | 0 | 0 | 0 | 0 | 1 | 0 | 
0 1 1 0 1 1 0 0 | 1 0 | 0 | 1 | 0 | 0 | 1 | 0 | 0 | 0 | 
0 1 1 0 1 1 0 1 | 1 1 | 0 | 1 | 0 | 0 | 1 | 1 | 1 | 0 | 
0 1 1 0 1 1 1 0 | 1 0 | 0 | 1 | 0 | 1 | 0 | 1 | 0 | 0 | 
0 1 1 0 1 1 1 1 | 1 1 | 0 | 1 | 0 | 1 | 1 | 0 | 1 | 0 | 
0 1 1 1 0 0 0 0 | 0 0 | 0 | 0 | 0 | 0 | 0 | 0 | 0 | 0 | 
0 1 1 1 0 0 0 1 | 0 1 | 0 | 0 | 0 | 0 | 0 | 1 | 1 | 1 | 
0 1 1 1 0 0 1 0 | 0 0 | 0 | 0 | 0 | 0 | 1 | 1 | 1 | 0 | 
0 1 1 1 0 0 1 1 | 0 1 | 0 | 0 | 0 | 1 | 0 | 1 | 0 | 1 | 
0 1 1 1 0 1 0 0 | 1 0 | 0 | 0 | 0 | 1 | 1 | 1 | 0 | 0 | 
0 1 1 1 0 1 0 1 | 1 1 | 0 | 0 | 1 | 0 | 0 | 0 | 1 | 1 | 
0 1 1 1 0 1 1 0 | 1 0 | 0 | 0 | 1 | 0 | 1 | 0 | 1 | 0 | 
0 1 1 1 0 1 1 1 | 1 1 | 0 | 0 | 1 | 1 | 0 | 0 | 0 | 1 | 
0 1 1 1 1 0 0 0 | 0 0 | 0 | 0 | 1 | 1 | 1 | 0 | 0 | 0 | 
0 1 1 1 1 0 0 1 | 0 1 | 0 | 0 | 1 | 1 | 1 | 1 | 1 | 1 | 
0 1 1 1 1 0 1 0 | 0 0 | 0 | 1 | 0 | 0 | 0 | 1 | 1 | 0 | 
0 1 1 1 1 0 1 1 | 0 1 | 0 | 1 | 0 | 0 | 1 | 1 | 0 | 1 | 
0 1 1 1 1 1 0 0 | 1 0 | 0 | 1 | 0 | 1 | 0 | 1 | 0 | 0 | 
0 1 1 1 1 1 0 1 | 1 1 | 0 | 1 | 0 | 1 | 1 | 0 | 1 | 1 | 
0 1 1 1 1 1 1 0 | 1 0 | 0 | 1 | 1 | 0 | 0 | 0 | 1 | 0 | 
0 1 1 1 1 1 1 1 | 1 1 | 0 | 1 | 1 | 0 | 1 | 0 | 0 | 1 | 
1 0 0 0 0 0 0 0 | 0 0 | 0 | 0 | 0 | 0 | 0 | 0 | 0 | 0 | 
1 0 0 0 0 0 0 1 | 0 1 | 0 | 0 | 0 | 0 | 1 | 0 | 0 | 0 | 
1 0 0 0 0 0 1 0 | 0 0 | 0 | 0 | 0 | 1 | 0 | 0 | 0 | 0 | 
1 0 0 0 0 0 1 1 | 0 1 | 0 | 0 | 0 | 1 | 1 | 0 | 0 | 0 | 
1 0 0 0 0 1 0 0 | 1 0 | 0 | 0 | 1 | 0 | 0 | 0 | 0 | 0 | 
1 0 0 0 0 1 0 1 | 1 1 | 0 | 0 | 1 | 0 | 1 | 0 | 0 | 0 | 
1 0 0 0 0 1 1 0 | 1 0 | 0 | 0 | 1 | 1 | 0 | 0 | 0 | 0 | 
1 0 0 0 0 1 1 1 | 1 1 | 0 | 0 | 1 | 1 | 1 | 0 | 0 | 0 | 
1 0 0 0 1 0 0 0 | 0 0 | 0 | 1 | 0 | 0 | 0 | 0 | 0 | 0 | 
1 0 0 0 1 0 0 1 | 0 1 | 0 | 1 | 0 | 0 | 1 | 0 | 0 | 0 | 
1 0 0 0 1 0 1 0 | 0 0 | 0 | 1 | 0 | 1 | 0 | 0 | 0 | 0 | 
1 0 0 0 1 0 1 1 | 0 1 | 0 | 1 | 0 | 1 | 1 | 0 | 0 | 0 | 
1 0 0 0 1 1 0 0 | 1 0 | 0 | 1 | 1 | 0 | 0 | 0 | 0 | 0 | 
1 0 0 0 1 1 0 1 | 1 1 | 0 | 1 | 1 | 0 | 1 | 0 | 0 | 0 | 
1 0 0 0 1 1 1 0 | 1 0 | 0 | 1 | 1 | 1 | 0 | 0 | 0 | 0 | 
1 0 0 0 1 1 1 1 | 1 1 | 0 | 1 | 1 | 1 | 1 | 0 | 0 | 0 | 
1 0 0 1 0 0 0 0 | 0 0 | 0 | 0 | 0 | 0 | 0 | 0 | 0 | 0 | 
1 0 0 1 0 0 0 1 | 0 1 | 0 | 0 | 0 | 0 | 1 | 0 | 0 | 1 | 
1 0 0 1 0 0 1 0 | 0 0 | 0 | 0 | 0 | 1 | 0 | 0 | 1 | 0 | 
1 0 0 1 0 0 1 1 | 0 1 | 0 | 0 | 0 | 1 | 1 | 0 | 1 | 1 | 
1 0 0 1 0 1 0 0 | 1 0 | 0 | 0 | 1 | 0 | 0 | 1 | 0 | 0 | 
1 0 0 1 0 1 0 1 | 1 1 | 0 | 0 | 1 | 0 | 1 | 1 | 0 | 1 | 
1 0 0 1 0 1 1 0 | 1 0 | 0 | 0 | 1 | 1 | 0 | 1 | 1 | 0 | 
1 0 0 1 0 1 1 1 | 1 1 | 0 | 0 | 1 | 1 | 1 | 1 | 1 | 1 | 
1 0 0 1 1 0 0 0 | 0 0 | 0 | 1 | 0 | 0 | 1 | 0 | 0 | 0 | 
1 0 0 1 1 0 0 1 | 0 1 | 0 | 1 | 0 | 1 | 0 | 0 | 0 | 1 | 
1 0 0 1 1 0 1 0 | 0 0 | 0 | 1 | 0 | 1 | 1 | 0 | 1 | 0 | 
1 0 0 1 1 0 1 1 | 0 1 | 0 | 1 | 1 | 0 | 0 | 0 | 1 | 1 | 
1 0 0 1 1 1 0 0 | 1 0 | 0 | 1 | 1 | 0 | 1 | 1 | 0 | 0 | 
1 0 0 1 1 1 0 1 | 1 1 | 0 | 1 | 1 | 1 | 0 | 1 | 0 | 1 | 
1 0 0 1 1 1 1 0 | 1 0 | 0 | 1 | 1 | 1 | 1 | 1 | 1 | 0 | 
1 0 0 1 1 1 1 1 | 1 1 | 1 | 0 | 0 | 0 | 0 | 1 | 1 | 1 | 
1 0 1 0 0 0 0 0 | 0 0 | 0 | 0 | 0 | 0 | 0 | 0 | 0 | 0 | 
1 0 1 0 0 0 0 1 | 0 1 | 0 | 0 | 0 | 0 | 1 | 0 | 1 | 0 | 
1 0 1 0 0 0 1 0 | 0 0 | 0 | 0 | 0 | 1 | 0 | 1 | 0 | 0 | 
1 0 1 0 0 0 1 1 | 0 1 | 0 | 0 | 0 | 1 | 1 | 1 | 1 | 0 | 
1 0 1 0 0 1 0 0 | 1 0 | 0 | 0 | 1 | 0 | 1 | 0 | 0 | 0 | 
1 0 1 0 0 1 0 1 | 1 1 | 0 | 0 | 1 | 1 | 0 | 0 | 1 | 0 | 
1 0 1 0 0 1 1 0 | 1 0 | 0 | 0 | 1 | 1 | 1 | 1 | 0 | 0 | 
1 0 1 0 0 1 1 1 | 1 1 | 0 | 1 | 0 | 0 | 0 | 1 | 1 | 0 | 
1 0 1 0 1 0 0 0 | 0 0 | 0 | 1 | 0 | 1 | 0 | 0 | 0 | 0 | 
1 0 1 0 1 0 0 1 | 0 1 | 0 | 1 | 0 | 1 | 1 | 0 | 1 | 0 | 
1 0 1 0 1 0 1 0 | 0 0 | 0 | 1 | 1 | 0 | 0 | 1 | 0 | 0 | 
1 0 1 0 1 0 1 1 | 0 1 | 0 | 1 | 1 | 0 | 1 | 1 | 1 | 0 | 
1 0 1 0 1 1 0 0 | 1 0 | 0 | 1 | 1 | 1 | 1 | 0 | 0 | 0 | 
1 0 1 0 1 1 0 1 | 1 1 | 1 | 0 | 0 | 0 | 0 | 0 | 1 | 0 | 
1 0 1 0 1 1 1 0 | 1 0 | 1 | 0 | 0 | 0 | 1 | 1 | 0 | 0 | 
1 0 1 0 1 1 1 1 | 1 1 | 1 | 0 | 0 | 1 | 0 | 1 | 1 | 0 | 
1 0 1 1 0 0 0 0 | 0 0 | 0 | 0 | 0 | 0 | 0 | 0 | 0 | 0 | 
1 0 1 1 0 0 0 1 | 0 1 | 0 | 0 | 0 | 0 | 1 | 0 | 1 | 1 | 
1 0 1 1 0 0 1 0 | 0 0 | 0 | 0 | 0 | 1 | 0 | 1 | 1 | 0 | 
1 0 1 1 0 0 1 1 | 0 1 | 0 | 0 | 1 | 0 | 0 | 0 | 0 | 1 | 
1 0 1 1 0 1 0 0 | 1 0 | 0 | 0 | 1 | 0 | 1 | 1 | 0 | 0 | 
1 0 1 1 0 1 0 1 | 1 1 | 0 | 0 | 1 | 1 | 0 | 1 | 1 | 1 | 
1 0 1 1 0 1 1 0 | 1 0 | 0 | 1 | 0 | 0 | 0 | 0 | 1 | 0 | 
1 0 1 1 0 1 1 1 | 1 1 | 0 | 1 | 0 | 0 | 1 | 1 | 0 | 1 | 
1 0 1 1 1 0 0 0 | 0 0 | 0 | 1 | 0 | 1 | 1 | 0 | 0 | 0 | 
1 0 1 1 1 0 0 1 | 0 1 | 0 | 1 | 1 | 0 | 0 | 0 | 1 | 1 | 
1 0 1 1 1 0 1 0 | 0 0 | 0 | 1 | 1 | 0 | 1 | 1 | 1 | 0 | 
1 0 1 1 1 0 1 1 | 0 1 | 0 | 1 | 1 | 1 | 1 | 0 | 0 | 1 | 
1 0 1 1 1 1 0 0 | 1 0 | 1 | 0 | 0 | 0 | 0 | 1 | 0 | 0 | 
1 0 1 1 1 1 0 1 | 1 1 | 1 | 0 | 0 | 0 | 1 | 1 | 1 | 1 | 
1 0 1 1 1 1 1 0 | 1 0 | 1 | 0 | 0 | 1 | 1 | 0 | 1 | 0 | 
1 0 1 1 1 1 1 1 | 1 1 | 1 | 0 | 1 | 0 | 0 | 1 | 0 | 1 | 
1 1 0 0 0 0 0 0 | 0 0 | 0 | 0 | 0 | 0 | 0 | 0 | 0 | 0 | 
1 1 0 0 0 0 0 1 | 0 1 | 0 | 0 | 0 | 0 | 1 | 1 | 0 | 0 | 
1 1 0 0 0 0 1 0 | 0 0 | 0 | 0 | 0 | 1 | 1 | 0 | 0 | 0 | 
1 1 0 0 0 0 1 1 | 0 1 | 0 | 0 | 1 | 0 | 0 | 1 | 0 | 0 | 
1 1 0 0 0 1 0 0 | 1 0 | 0 | 0 | 1 | 1 | 0 | 0 | 0 | 0 | 
1 1 0 0 0 1 0 1 | 1 1 | 0 | 0 | 1 | 1 | 1 | 1 | 0 | 0 | 
1 1 0 0 0 1 1 0 | 1 0 | 0 | 1 | 0 | 0 | 1 | 0 | 0 | 0 | 
1 1 0 0 0 1 1 1 | 1 1 | 0 | 1 | 0 | 1 | 0 | 1 | 0 | 0 | 
1 1 0 0 1 0 0 0 | 0 0 | 0 | 1 | 1 | 0 | 0 | 0 | 0 | 0 | 
1 1 0 0 1 0 0 1 | 0 1 | 0 | 1 | 1 | 0 | 1 | 1 | 0 | 0 | 
1 1 0 0 1 0 1 0 | 0 0 | 0 | 1 | 1 | 1 | 1 | 0 | 0 | 0 | 
1 1 0 0 1 0 1 1 | 0 1 | 1 | 0 | 0 | 0 | 0 | 1 | 0 | 0 | 
1 1 0 0 1 1 0 0 | 1 0 | 1 | 0 | 0 | 1 | 0 | 0 | 0 | 0 | 
1 1 0 0 1 1 0 1 | 1 1 | 1 | 0 | 0 | 1 | 1 | 1 | 0 | 0 | 
1 1 0 0 1 1 1 0 | 1 0 | 1 | 0 | 1 | 0 | 1 | 0 | 0 | 0 | 
1 1 0 0 1 1 1 1 | 1 1 | 1 | 0 | 1 | 1 | 0 | 1 | 0 | 0 | 
1 1 0 1 0 0 0 0 | 0 0 | 0 | 0 | 0 | 0 | 0 | 0 | 0 | 0 | 
1 1 0 1 0 0 0 1 | 0 1 | 0 | 0 | 0 | 0 | 1 | 1 | 0 | 1 | 
1 1 0 1 0 0 1 0 | 0 0 | 0 | 0 | 0 | 1 | 1 | 0 | 1 | 0 | 
1 1 0 1 0 0 1 1 | 0 1 | 0 | 0 | 1 | 0 | 0 | 1 | 1 | 1 | 
1 1 0 1 0 1 0 0 | 1 0 | 0 | 0 | 1 | 1 | 0 | 1 | 0 | 0 | 
1 1 0 1 0 1 0 1 | 1 1 | 0 | 1 | 0 | 0 | 0 | 0 | 0 | 1 | 
1 1 0 1 0 1 1 0 | 1 0 | 0 | 1 | 0 | 0 | 1 | 1 | 1 | 0 | 
1 1 0 1 0 1 1 1 | 1 1 | 0 | 1 | 0 | 1 | 1 | 0 | 1 | 1 | 
1 1 0 1 1 0 0 0 | 0 0 | 0 | 1 | 1 | 0 | 1 | 0 | 0 | 0 | 
1 1 0 1 1 0 0 1 | 0 1 | 0 | 1 | 1 | 1 | 0 | 1 | 0 | 1 | 
1 1 0 1 1 0 1 0 | 0 0 | 1 | 0 | 0 | 0 | 0 | 0 | 1 | 0 | 
1 1 0 1 1 0 1 1 | 0 1 | 1 | 0 | 0 | 0 | 1 | 1 | 1 | 1 | 
1 1 0 1 1 1 0 0 | 1 0 | 1 | 0 | 0 | 1 | 1 | 1 | 0 | 0 | 
1 1 0 1 1 1 0 1 | 1 1 | 1 | 0 | 1 | 0 | 1 | 0 | 0 | 1 | 
1 1 0 1 1 1 1 0 | 1 0 | 1 | 0 | 1 | 1 | 0 | 1 | 1 | 0 | 
1 1 0 1 1 1 1 1 | 1 1 | 1 | 1 | 0 | 0 | 0 | 0 | 1 | 1 | 
1 1 1 0 0 0 0 0 | 0 0 | 0 | 0 | 0 | 0 | 0 | 0 | 0 | 0 | 
1 1 1 0 0 0 0 1 | 0 1 | 0 | 0 | 0 | 0 | 1 | 1 | 1 | 0 | 
1 1 1 0 0 0 1 0 | 0 0 | 0 | 0 | 0 | 1 | 1 | 1 | 0 | 0 | 
1 1 1 0 0 0 1 1 | 0 1 | 0 | 0 | 1 | 0 | 1 | 0 | 1 | 0 | 
1 1 1 0 0 1 0 0 | 1 0 | 0 | 0 | 1 | 1 | 1 | 0 | 0 | 0 | 
1 1 1 0 0 1 0 1 | 1 1 | 0 | 1 | 0 | 0 | 0 | 1 | 1 | 0 | 
1 1 1 0 0 1 1 0 | 1 0 | 0 | 1 | 0 | 1 | 0 | 1 | 0 | 0 | 
1 1 1 0 0 1 1 1 | 1 1 | 0 | 1 | 1 | 0 | 0 | 0 | 1 | 0 | 
1 1 1 0 1 0 0 0 | 0 0 | 0 | 1 | 1 | 1 | 0 | 0 | 0 | 0 | 
1 1 1 0 1 0 0 1 | 0 1 | 0 | 1 | 1 | 1 | 1 | 1 | 1 | 0 | 
1 1 1 0 1 0 1 0 | 0 0 | 1 | 0 | 0 | 0 | 1 | 1 | 0 | 0 | 
1 1 1 0 1 0 1 1 | 0 1 | 1 | 0 | 0 | 1 | 1 | 0 | 1 | 0 | 
1 1 1 0 1 1 0 0 | 1 0 | 1 | 0 | 1 | 0 | 1 | 0 | 0 | 0 | 
1 1 1 0 1 1 0 1 | 1 1 | 1 | 0 | 1 | 1 | 0 | 1 | 1 | 0 | 
1 1 1 0 1 1 1 0 | 1 0 | 1 | 1 | 0 | 0 | 0 | 1 | 0 | 0 | 
1 1 1 0 1 1 1 1 | 1 1 | 1 | 1 | 0 | 1 | 0 | 0 | 1 | 0 | 
1 1 1 1 0 0 0 0 | 0 0 | 0 | 0 | 0 | 0 | 0 | 0 | 0 | 0 | 
1 1 1 1 0 0 0 1 | 0 1 | 0 | 0 | 0 | 0 | 1 | 1 | 1 | 1 | 
1 1 1 1 0 0 1 0 | 0 0 | 0 | 0 | 0 | 1 | 1 | 1 | 1 | 0 | 
1 1 1 1 0 0 1 1 | 0 1 | 0 | 0 | 1 | 0 | 1 | 1 | 0 | 1 | 
1 1 1 1 0 1 0 0 | 1 0 | 0 | 0 | 1 | 1 | 1 | 1 | 0 | 0 | 
1 1 1 1 0 1 0 1 | 1 1 | 0 | 1 | 0 | 0 | 1 | 0 | 1 | 1 | 
1 1 1 1 0 1 1 0 | 1 0 | 0 | 1 | 0 | 1 | 1 | 0 | 1 | 0 | 
1 1 1 1 0 1 1 1 | 1 1 | 0 | 1 | 1 | 0 | 1 | 0 | 0 | 1 | 
1 1 1 1 1 0 0 0 | 0 0 | 0 | 1 | 1 | 1 | 1 | 0 | 0 | 0 | 
1 1 1 1 1 0 0 1 | 0 1 | 1 | 0 | 0 | 0 | 0 | 1 | 1 | 1 | 
1 1 1 1 1 0 1 0 | 0 0 | 1 | 0 | 0 | 1 | 0 | 1 | 1 | 0 | 
1 1 1 1 1 0 1 1 | 0 1 | 1 | 0 | 1 | 0 | 0 | 1 | 0 | 1 | 
1 1 1 1 1 1 0 0 | 1 0 | 1 | 0 | 1 | 1 | 0 | 1 | 0 | 0 | 
1 1 1 1 1 1 0 1 | 1 1 | 1 | 1 | 0 | 0 | 0 | 0 | 1 | 1 | 
1 1 1 1 1 1 1 0 | 1 0 | 1 | 1 | 0 | 1 | 0 | 0 | 1 | 0 | 
1 1 1 1 1 1 1 1 | 1 1 | 1 | 1 | 1 | 0 | 0 | 0 | 0 | 1 | 




 Evolucao!!!!  Geracao: 1. 	 Melhor rank ate esta geracao: 5 	 Valor do Multiplicador de Mutacoes : 1 

1 | 2 7 200 | 7 2 400 | 4 5 500 | 5 1 500 | 8 9 400 | 8 2 500 | 7 2 500 | 6 9 100 | 5 13 100 | 16 4 300 | 6 | 5
1 | 7 8 100 | 4 8 200 | 4 1 100 | 4 6 300 | 10 1 300 | 1 2 300 | 4 5 300 | 9 10 200 | 6 3 500 | 14 12 100 | 8 | -1



 Evolucao!!!!  Geracao: 13. 	 Melhor rank ate esta geracao: 6 	 Valor do Multiplicador de Mutacoes : 1 

1 | 2 7 200 | 7 5 400 | 4 5 500 | 5 1 500 | 8 9 400 | 8 2 500 | 7 2 500 | 6 9 100 | 5 13 100 | 16 4 300 | 10 | 6
1 | 7 8 100 | 4 8 200 | 4 1 100 | 4 6 300 | 10 1 300 | 1 2 300 | 4 5 300 | 9 10 200 | 6 3 500 | 14 12 100 | 8 | -1



 Evolucao!!!!  Geracao: 33. 	 Melhor rank ate esta geracao: 12 	 Valor do Multiplicador de Mutacoes : 1 

1 | 2 7 200 | 7 5 400 | 4 5 400 | 5 1 500 | 8 9 400 | 8 2 500 | 7 2 500 | 6 9 100 | 5 13 100 | 16 4 300 | 10 | 12
1 | 7 8 100 | 4 8 200 | 4 1 100 | 2 6 300 | 10 1 300 | 1 2 300 | 4 5 300 | 9 10 200 | 6 3 500 | 14 12 100 | 15 | -1



 Evolucao!!!!  Geracao: 583. 	 Melhor rank ate esta geracao: 14 	 Valor do Multiplicador de Mutacoes : 1 

1 | 2 5 200 | 7 5 400 | 4 5 400 | 5 1 500 | 8 9 400 | 8 2 500 | 7 2 500 | 6 9 100 | 5 13 100 | 16 4 300 | 13 | 14
1 | 7 8 100 | 4 8 200 | 4 1 100 | 2 6 300 | 10 1 300 | 1 2 300 | 4 5 300 | 9 10 500 | 6 3 500 | 14 12 100 | 15 | -1



 Evolucao!!!!  Geracao: 607. 	 Melhor rank ate esta geracao: 133 	 Valor do Multiplicador de Mutacoes : 1 

1 | 2 5 200 | 7 5 400 | 4 5 400 | 5 1 500 | 8 9 400 | 8 2 500 | 7 2 500 | 6 9 100 | 5 13 100 | 16 4 300 | 13 | 133
1 | 7 8 100 | 6 8 200 | 4 1 100 | 2 6 300 | 10 1 300 | 4 2 300 | 4 7 300 | 9 10 500 | 6 3 500 | 14 12 100 | 15 | -1



 Evolucao!!!!  Geracao: 620. 	 Melhor rank ate esta geracao: 260 	 Valor do Multiplicador de Mutacoes : 1 

1 | 2 5 200 | 7 2 400 | 4 8 400 | 5 1 500 | 8 9 400 | 8 2 500 | 7 2 500 | 6 9 100 | 5 13 100 | 16 4 300 | 13 | 260
1 | 7 8 100 | 6 8 200 | 4 1 100 | 2 6 300 | 10 1 300 | 4 2 300 | 4 7 300 | 9 10 500 | 6 3 500 | 14 12 100 | 17 | -1



 Evolucao!!!!  Geracao: 636. 	 Melhor rank ate esta geracao: 389 	 Valor do Multiplicador de Mutacoes : 1 

1 | 2 5 200 | 7 2 400 | 4 8 400 | 5 1 500 | 8 9 200 | 8 2 500 | 7 2 500 | 6 9 100 | 5 13 100 | 16 4 300 | 13 | 389
1 | 7 8 100 | 6 8 200 | 4 1 100 | 2 6 300 | 10 1 300 | 4 2 300 | 4 7 300 | 9 10 500 | 6 3 300 | 14 12 100 | 17 | -1



 Evolucao!!!!  Geracao: 649. 	 Melhor rank ate esta geracao: 514 	 Valor do Multiplicador de Mutacoes : 1 

1 | 7 5 200 | 7 2 300 | 4 8 400 | 5 1 500 | 8 9 200 | 8 2 500 | 7 2 500 | 6 9 100 | 5 13 100 | 16 4 300 | 13 | 514
1 | 7 8 100 | 6 8 200 | 4 1 100 | 2 6 300 | 4 1 300 | 4 2 300 | 4 7 300 | 9 10 500 | 6 3 300 | 14 12 100 | 17 | -1



 Evolucao!!!!  Geracao: 34313. 	 Melhor rank ate esta geracao: 770 	 Valor do Multiplicador de Mutacoes : 1 

1 | 7 5 200 | 7 2 300 | 4 8 400 | 5 1 500 | 10 11 300 | 8 2 500 | 7 2 500 | 6 9 100 | 5 13 100 | 16 4 300 | 13 | 770
1 | 7 8 100 | 6 8 200 | 4 1 100 | 2 6 300 | 4 1 300 | 4 2 300 | 4 7 300 | 9 10 500 | 6 3 300 | 14 12 100 | 17 | -1



 Evolucao!!!!  Geracao: 37313. 	 Melhor rank ate esta geracao: 771 	 Valor do Multiplicador de Mutacoes : 1 

1 | 7 5 200 | 7 2 300 | 4 8 400 | 5 1 500 | 10 11 300 | 8 2 500 | 7 2 500 | 6 9 100 | 5 13 100 | 16 4 300 | 13 | 771
1 | 3 8 100 | 6 8 200 | 4 1 100 | 2 6 300 | 4 1 300 | 4 2 300 | 4 6 300 | 9 10 500 | 16 3 300 | 14 12 100 | 17 | -1



 Evolucao!!!!  Geracao: 80290. 	 Melhor rank ate esta geracao: 876 	 Valor do Multiplicador de Mutacoes : 1 

1 | 4 5 100 | 7 2 300 | 9 8 400 | 5 1 500 | 10 11 300 | 8 2 500 | 7 2 500 | 6 9 100 | 5 13 100 | 16 4 300 | 13 | 876
1 | 3 8 100 | 6 8 200 | 4 1 100 | 2 6 300 | 4 1 300 | 4 2 300 | 4 6 300 | 9 10 500 | 16 3 300 | 14 12 100 | 17 | -1



 Evolucao!!!!  Geracao: 86551. 	 Melhor rank ate esta geracao: 1026 	 Valor do Multiplicador de Mutacoes : 1 

1 | 4 5 100 | 7 2 300 | 9 8 400 | 5 1 500 | 10 11 500 | 8 2 500 | 7 2 500 | 6 9 100 | 5 10 100 | 16 4 300 | 13 | 1026
1 | 3 8 100 | 6 8 200 | 4 1 100 | 2 6 300 | 4 1 300 | 4 2 300 | 4 6 300 | 9 10 500 | 16 3 300 | 14 12 100 | 10 | -1



 Evolucao!!!!  Geracao: 920369. 	 Melhor rank ate esta geracao: 1539 	 Valor do Multiplicador de Mutacoes : 1 

1 | 4 5 100 | 7 2 300 | 9 8 400 | 5 1 500 | 10 11 500 | 8 2 500 | 7 2 500 | 6 9 100 | 5 10 100 | 16 4 300 | 13 | 1539
1 | 3 8 200 | 6 8 200 | 4 1 100 | 2 6 300 | 4 1 300 | 4 2 300 | 4 6 300 | 9 10 100 | 16 3 300 | 14 12 100 | 16 | -1



A A A A B B B B |C0 C1|S0 |S1 |S2 |S3 |S4 |S5 |S6 |S7 |
------------------------------------------------------|
0 0 0 0 0 0 0 0 | 0 0 | 0 | 0 | 0 | 0 | 0 | 0 | 0 | 0 | 
0 0 0 0 0 0 0 1 | 1 1 | 0 | 0 | 0 | 0 | 0 | 0 | 0 | 0 | 
0 0 0 0 0 0 1 0 | 0 0 | 0 | 0 | 0 | 0 | 0 | 0 | 0 | 0 | 
0 0 0 0 0 0 1 1 | 1 1 | 0 | 0 | 0 | 0 | 0 | 0 | 0 | 0 | 
0 0 0 0 0 1 0 0 | 0 0 | 0 | 0 | 0 | 0 | 0 | 0 | 0 | 0 | 
0 0 0 0 0 1 0 1 | 1 1 | 0 | 0 | 0 | 0 | 0 | 0 | 0 | 0 | 
0 0 0 0 0 1 1 0 | 0 0 | 0 | 0 | 0 | 0 | 0 | 0 | 0 | 0 | 
0 0 0 0 0 1 1 1 | 1 1 | 0 | 0 | 0 | 0 | 0 | 0 | 0 | 0 | 
0 0 0 0 1 0 0 0 | 0 0 | 0 | 0 | 0 | 0 | 0 | 0 | 0 | 0 | 
0 0 0 0 1 0 0 1 | 1 1 | 0 | 0 | 0 | 0 | 0 | 0 | 0 | 0 | 
0 0 0 0 1 0 1 0 | 0 0 | 0 | 0 | 0 | 0 | 0 | 0 | 0 | 0 | 
0 0 0 0 1 0 1 1 | 1 1 | 0 | 0 | 0 | 0 | 0 | 0 | 0 | 0 | 
0 0 0 0 1 1 0 0 | 0 0 | 0 | 0 | 0 | 0 | 0 | 0 | 0 | 0 | 
0 0 0 0 1 1 0 1 | 1 1 | 0 | 0 | 0 | 0 | 0 | 0 | 0 | 0 | 
0 0 0 0 1 1 1 0 | 0 0 | 0 | 0 | 0 | 0 | 0 | 0 | 0 | 0 | 
0 0 0 0 1 1 1 1 | 1 1 | 0 | 0 | 0 | 0 | 0 | 0 | 0 | 0 | 
0 0 0 1 0 0 0 0 | 0 0 | 0 | 0 | 0 | 0 | 0 | 0 | 0 | 0 | 
0 0 0 1 0 0 0 1 | 1 1 | 0 | 0 | 0 | 0 | 0 | 0 | 0 | 1 | 
0 0 0 1 0 0 1 0 | 0 0 | 0 | 0 | 0 | 0 | 0 | 0 | 1 | 0 | 
0 0 0 1 0 0 1 1 | 1 1 | 0 | 0 | 0 | 0 | 0 | 0 | 1 | 1 | 
0 0 0 1 0 1 0 0 | 0 0 | 0 | 0 | 0 | 0 | 0 | 1 | 0 | 0 | 
0 0 0 1 0 1 0 1 | 1 1 | 0 | 0 | 0 | 0 | 0 | 1 | 0 | 1 | 
0 0 0 1 0 1 1 0 | 0 0 | 0 | 0 | 0 | 0 | 0 | 1 | 1 | 0 | 
0 0 0 1 0 1 1 1 | 1 1 | 0 | 0 | 0 | 0 | 0 | 1 | 1 | 1 | 
0 0 0 1 1 0 0 0 | 1 0 | 0 | 0 | 0 | 0 | 1 | 0 | 0 | 0 | 
0 0 0 1 1 0 0 1 | 1 1 | 0 | 0 | 0 | 0 | 1 | 0 | 0 | 1 | 
0 0 0 1 1 0 1 0 | 1 0 | 0 | 0 | 0 | 0 | 1 | 0 | 1 | 0 | 
0 0 0 1 1 0 1 1 | 1 1 | 0 | 0 | 0 | 0 | 1 | 0 | 1 | 1 | 
0 0 0 1 1 1 0 0 | 1 0 | 0 | 0 | 0 | 0 | 1 | 1 | 0 | 0 | 
0 0 0 1 1 1 0 1 | 1 1 | 0 | 0 | 0 | 0 | 1 | 1 | 0 | 1 | 
0 0 0 1 1 1 1 0 | 1 0 | 0 | 0 | 0 | 0 | 1 | 1 | 1 | 0 | 
0 0 0 1 1 1 1 1 | 1 1 | 0 | 0 | 0 | 0 | 1 | 1 | 1 | 1 | 
0 0 1 0 0 0 0 0 | 0 0 | 0 | 0 | 0 | 0 | 0 | 0 | 0 | 0 | 
0 0 1 0 0 0 0 1 | 1 1 | 0 | 0 | 0 | 0 | 0 | 0 | 1 | 0 | 
0 0 1 0 0 0 1 0 | 0 0 | 0 | 0 | 0 | 0 | 0 | 1 | 0 | 0 | 
0 0 1 0 0 0 1 1 | 1 1 | 0 | 0 | 0 | 0 | 0 | 1 | 1 | 0 | 
0 0 1 0 0 1 0 0 | 0 1 | 0 | 0 | 0 | 0 | 1 | 0 | 0 | 0 | 
0 0 1 0 0 1 0 1 | 1 1 | 0 | 0 | 0 | 0 | 1 | 0 | 1 | 0 | 
0 0 1 0 0 1 1 0 | 0 1 | 0 | 0 | 0 | 0 | 1 | 1 | 0 | 0 | 
0 0 1 0 0 1 1 1 | 1 1 | 0 | 0 | 0 | 0 | 1 | 1 | 1 | 0 | 
0 0 1 0 1 0 0 0 | 0 0 | 0 | 0 | 0 | 1 | 0 | 0 | 0 | 0 | 
0 0 1 0 1 0 0 1 | 1 1 | 0 | 0 | 0 | 1 | 0 | 0 | 1 | 0 | 
0 0 1 0 1 0 1 0 | 0 0 | 0 | 0 | 0 | 1 | 0 | 1 | 0 | 0 | 
0 0 1 0 1 0 1 1 | 1 1 | 0 | 0 | 0 | 1 | 0 | 1 | 1 | 0 | 
0 0 1 0 1 1 0 0 | 0 1 | 0 | 0 | 0 | 1 | 1 | 0 | 0 | 0 | 
0 0 1 0 1 1 0 1 | 1 1 | 0 | 0 | 0 | 1 | 1 | 0 | 1 | 0 | 
0 0 1 0 1 1 1 0 | 0 1 | 0 | 0 | 0 | 1 | 1 | 1 | 0 | 0 | 
0 0 1 0 1 1 1 1 | 1 1 | 0 | 0 | 0 | 1 | 1 | 1 | 1 | 0 | 
0 0 1 1 0 0 0 0 | 0 0 | 0 | 0 | 0 | 0 | 0 | 0 | 0 | 0 | 
0 0 1 1 0 0 0 1 | 1 1 | 0 | 0 | 0 | 0 | 0 | 0 | 1 | 1 | 
0 0 1 1 0 0 1 0 | 0 0 | 0 | 0 | 0 | 0 | 0 | 1 | 1 | 0 | 
0 0 1 1 0 0 1 1 | 1 1 | 0 | 0 | 0 | 0 | 1 | 0 | 0 | 1 | 
0 0 1 1 0 1 0 0 | 0 1 | 0 | 0 | 0 | 0 | 1 | 1 | 0 | 0 | 
0 0 1 1 0 1 0 1 | 1 1 | 0 | 0 | 0 | 0 | 1 | 1 | 1 | 1 | 
0 0 1 1 0 1 1 0 | 0 1 | 0 | 0 | 0 | 1 | 0 | 0 | 1 | 0 | 
0 0 1 1 0 1 1 1 | 1 1 | 0 | 0 | 0 | 1 | 0 | 1 | 0 | 1 | 
0 0 1 1 1 0 0 0 | 1 0 | 0 | 0 | 0 | 1 | 1 | 0 | 0 | 0 | 
0 0 1 1 1 0 0 1 | 1 1 | 0 | 0 | 0 | 1 | 1 | 0 | 1 | 1 | 
0 0 1 1 1 0 1 0 | 1 0 | 0 | 0 | 0 | 1 | 1 | 1 | 1 | 0 | 
0 0 1 1 1 0 1 1 | 1 1 | 0 | 0 | 1 | 0 | 0 | 0 | 0 | 1 | 
0 0 1 1 1 1 0 0 | 1 1 | 0 | 0 | 1 | 0 | 0 | 1 | 0 | 0 | 
0 0 1 1 1 1 0 1 | 1 1 | 0 | 0 | 1 | 0 | 0 | 1 | 1 | 1 | 
0 0 1 1 1 1 1 0 | 1 1 | 0 | 0 | 1 | 0 | 1 | 0 | 1 | 0 | 
0 0 1 1 1 1 1 1 | 1 1 | 0 | 0 | 1 | 0 | 1 | 1 | 0 | 1 | 
0 1 0 0 0 0 0 0 | 0 0 | 0 | 0 | 0 | 0 | 0 | 0 | 0 | 0 | 
0 1 0 0 0 0 0 1 | 1 1 | 0 | 0 | 0 | 0 | 0 | 1 | 0 | 0 | 
0 1 0 0 0 0 1 0 | 1 0 | 0 | 0 | 0 | 0 | 1 | 0 | 0 | 0 | 
0 1 0 0 0 0 1 1 | 0 1 | 0 | 0 | 0 | 0 | 1 | 1 | 0 | 0 | 
0 1 0 0 0 1 0 0 | 0 0 | 0 | 0 | 0 | 1 | 0 | 0 | 0 | 0 | 
0 1 0 0 0 1 0 1 | 1 1 | 0 | 0 | 0 | 1 | 0 | 1 | 0 | 0 | 
0 1 0 0 0 1 1 0 | 1 0 | 0 | 0 | 0 | 1 | 1 | 0 | 0 | 0 | 
0 1 0 0 0 1 1 1 | 0 1 | 0 | 0 | 0 | 1 | 1 | 1 | 0 | 0 | 
0 1 0 0 1 0 0 0 | 0 0 | 0 | 0 | 1 | 0 | 0 | 0 | 0 | 0 | 
0 1 0 0 1 0 0 1 | 1 1 | 0 | 0 | 1 | 0 | 0 | 1 | 0 | 0 | 
0 1 0 0 1 0 1 0 | 1 0 | 0 | 0 | 1 | 0 | 1 | 0 | 0 | 0 | 
0 1 0 0 1 0 1 1 | 0 1 | 0 | 0 | 1 | 0 | 1 | 1 | 0 | 0 | 
0 1 0 0 1 1 0 0 | 0 0 | 0 | 0 | 1 | 1 | 0 | 0 | 0 | 0 | 
0 1 0 0 1 1 0 1 | 1 1 | 0 | 0 | 1 | 1 | 0 | 1 | 0 | 0 | 
0 1 0 0 1 1 1 0 | 1 0 | 0 | 0 | 1 | 1 | 1 | 0 | 0 | 0 | 
0 1 0 0 1 1 1 1 | 0 1 | 0 | 0 | 1 | 1 | 1 | 1 | 0 | 0 | 
0 1 0 1 0 0 0 0 | 0 0 | 0 | 0 | 0 | 0 | 0 | 0 | 0 | 0 | 
0 1 0 1 0 0 0 1 | 1 1 | 0 | 0 | 0 | 0 | 0 | 1 | 0 | 1 | 
0 1 0 1 0 0 1 0 | 1 0 | 0 | 0 | 0 | 0 | 1 | 0 | 1 | 0 | 
0 1 0 1 0 0 1 1 | 0 1 | 0 | 0 | 0 | 0 | 1 | 1 | 1 | 1 | 
0 1 0 1 0 1 0 0 | 0 0 | 0 | 0 | 0 | 1 | 0 | 1 | 0 | 0 | 
0 1 0 1 0 1 0 1 | 1 1 | 0 | 0 | 0 | 1 | 1 | 0 | 0 | 1 | 
0 1 0 1 0 1 1 0 | 1 0 | 0 | 0 | 0 | 1 | 1 | 1 | 1 | 0 | 
0 1 0 1 0 1 1 1 | 0 1 | 0 | 0 | 1 | 0 | 0 | 0 | 1 | 1 | 
0 1 0 1 1 0 0 0 | 1 0 | 0 | 0 | 1 | 0 | 1 | 0 | 0 | 0 | 
0 1 0 1 1 0 0 1 | 1 1 | 0 | 0 | 1 | 0 | 1 | 1 | 0 | 1 | 
0 1 0 1 1 0 1 0 | 0 0 | 0 | 0 | 1 | 1 | 0 | 0 | 1 | 0 | 
0 1 0 1 1 0 1 1 | 0 1 | 0 | 0 | 1 | 1 | 0 | 1 | 1 | 1 | 
0 1 0 1 1 1 0 0 | 1 0 | 0 | 0 | 1 | 1 | 1 | 1 | 0 | 0 | 
0 1 0 1 1 1 0 1 | 1 1 | 0 | 1 | 0 | 0 | 0 | 0 | 0 | 1 | 
0 1 0 1 1 1 1 0 | 0 0 | 0 | 1 | 0 | 0 | 0 | 1 | 1 | 0 | 
0 1 0 1 1 1 1 1 | 0 1 | 0 | 1 | 0 | 0 | 1 | 0 | 1 | 1 | 
0 1 1 0 0 0 0 0 | 0 0 | 0 | 0 | 0 | 0 | 0 | 0 | 0 | 0 | 
0 1 1 0 0 0 0 1 | 1 1 | 0 | 0 | 0 | 0 | 0 | 1 | 1 | 0 | 
0 1 1 0 0 0 1 0 | 1 0 | 0 | 0 | 0 | 0 | 1 | 1 | 0 | 0 | 
0 1 1 0 0 0 1 1 | 0 1 | 0 | 0 | 0 | 1 | 0 | 0 | 1 | 0 | 
0 1 1 0 0 1 0 0 | 0 1 | 0 | 0 | 0 | 1 | 1 | 0 | 0 | 0 | 
0 1 1 0 0 1 0 1 | 1 1 | 0 | 0 | 0 | 1 | 1 | 1 | 1 | 0 | 
0 1 1 0 0 1 1 0 | 1 1 | 0 | 0 | 1 | 0 | 0 | 1 | 0 | 0 | 
0 1 1 0 0 1 1 1 | 0 1 | 0 | 0 | 1 | 0 | 1 | 0 | 1 | 0 | 
0 1 1 0 1 0 0 0 | 0 0 | 0 | 0 | 1 | 1 | 0 | 0 | 0 | 0 | 
0 1 1 0 1 0 0 1 | 1 1 | 0 | 0 | 1 | 1 | 0 | 1 | 1 | 0 | 
0 1 1 0 1 0 1 0 | 1 0 | 0 | 0 | 1 | 1 | 1 | 1 | 0 | 0 | 
0 1 1 0 1 0 1 1 | 0 1 | 0 | 1 | 0 | 0 | 0 | 0 | 1 | 0 | 
0 1 1 0 1 1 0 0 | 0 1 | 0 | 1 | 0 | 0 | 1 | 0 | 0 | 0 | 
0 1 1 0 1 1 0 1 | 1 1 | 0 | 1 | 0 | 0 | 1 | 1 | 1 | 0 | 
0 1 1 0 1 1 1 0 | 1 1 | 0 | 1 | 0 | 1 | 0 | 1 | 0 | 0 | 
0 1 1 0 1 1 1 1 | 0 1 | 0 | 1 | 0 | 1 | 1 | 0 | 1 | 0 | 
0 1 1 1 0 0 0 0 | 0 0 | 0 | 0 | 0 | 0 | 0 | 0 | 0 | 0 | 
0 1 1 1 0 0 0 1 | 1 1 | 0 | 0 | 0 | 0 | 0 | 1 | 1 | 1 | 
0 1 1 1 0 0 1 0 | 1 0 | 0 | 0 | 0 | 0 | 1 | 1 | 1 | 0 | 
0 1 1 1 0 0 1 1 | 0 1 | 0 | 0 | 0 | 1 | 0 | 1 | 0 | 1 | 
0 1 1 1 0 1 0 0 | 0 1 | 0 | 0 | 0 | 1 | 1 | 1 | 0 | 0 | 
0 1 1 1 0 1 0 1 | 1 1 | 0 | 0 | 1 | 0 | 0 | 0 | 1 | 1 | 
0 1 1 1 0 1 1 0 | 1 1 | 0 | 0 | 1 | 0 | 1 | 0 | 1 | 0 | 
0 1 1 1 0 1 1 1 | 0 1 | 0 | 0 | 1 | 1 | 0 | 0 | 0 | 1 | 
0 1 1 1 1 0 0 0 | 1 0 | 0 | 0 | 1 | 1 | 1 | 0 | 0 | 0 | 
0 1 1 1 1 0 0 1 | 1 1 | 0 | 0 | 1 | 1 | 1 | 1 | 1 | 1 | 
0 1 1 1 1 0 1 0 | 0 0 | 0 | 1 | 0 | 0 | 0 | 1 | 1 | 0 | 
0 1 1 1 1 0 1 1 | 0 1 | 0 | 1 | 0 | 0 | 1 | 1 | 0 | 1 | 
0 1 1 1 1 1 0 0 | 1 1 | 0 | 1 | 0 | 1 | 0 | 1 | 0 | 0 | 
0 1 1 1 1 1 0 1 | 1 1 | 0 | 1 | 0 | 1 | 1 | 0 | 1 | 1 | 
0 1 1 1 1 1 1 0 | 0 1 | 0 | 1 | 1 | 0 | 0 | 0 | 1 | 0 | 
0 1 1 1 1 1 1 1 | 0 1 | 0 | 1 | 1 | 0 | 1 | 0 | 0 | 1 | 
1 0 0 0 0 0 0 0 | 0 0 | 0 | 0 | 0 | 0 | 0 | 0 | 0 | 0 | 
1 0 0 0 0 0 0 1 | 1 1 | 0 | 0 | 0 | 0 | 1 | 0 | 0 | 0 | 
1 0 0 0 0 0 1 0 | 0 0 | 0 | 0 | 0 | 1 | 0 | 0 | 0 | 0 | 
1 0 0 0 0 0 1 1 | 1 1 | 0 | 0 | 0 | 1 | 1 | 0 | 0 | 0 | 
1 0 0 0 0 1 0 0 | 0 0 | 0 | 0 | 1 | 0 | 0 | 0 | 0 | 0 | 
1 0 0 0 0 1 0 1 | 1 1 | 0 | 0 | 1 | 0 | 1 | 0 | 0 | 0 | 
1 0 0 0 0 1 1 0 | 0 0 | 0 | 0 | 1 | 1 | 0 | 0 | 0 | 0 | 
1 0 0 0 0 1 1 1 | 1 1 | 0 | 0 | 1 | 1 | 1 | 0 | 0 | 0 | 
1 0 0 0 1 0 0 0 | 0 0 | 0 | 1 | 0 | 0 | 0 | 0 | 0 | 0 | 
1 0 0 0 1 0 0 1 | 1 1 | 0 | 1 | 0 | 0 | 1 | 0 | 0 | 0 | 
1 0 0 0 1 0 1 0 | 0 0 | 0 | 1 | 0 | 1 | 0 | 0 | 0 | 0 | 
1 0 0 0 1 0 1 1 | 1 1 | 0 | 1 | 0 | 1 | 1 | 0 | 0 | 0 | 
1 0 0 0 1 1 0 0 | 0 0 | 0 | 1 | 1 | 0 | 0 | 0 | 0 | 0 | 
1 0 0 0 1 1 0 1 | 1 1 | 0 | 1 | 1 | 0 | 1 | 0 | 0 | 0 | 
1 0 0 0 1 1 1 0 | 0 0 | 0 | 1 | 1 | 1 | 0 | 0 | 0 | 0 | 
1 0 0 0 1 1 1 1 | 1 1 | 0 | 1 | 1 | 1 | 1 | 0 | 0 | 0 | 
1 0 0 1 0 0 0 0 | 0 0 | 0 | 0 | 0 | 0 | 0 | 0 | 0 | 0 | 
1 0 0 1 0 0 0 1 | 1 1 | 0 | 0 | 0 | 0 | 1 | 0 | 0 | 1 | 
1 0 0 1 0 0 1 0 | 0 0 | 0 | 0 | 0 | 1 | 0 | 0 | 1 | 0 | 
1 0 0 1 0 0 1 1 | 1 1 | 0 | 0 | 0 | 1 | 1 | 0 | 1 | 1 | 
1 0 0 1 0 1 0 0 | 0 0 | 0 | 0 | 1 | 0 | 0 | 1 | 0 | 0 | 
1 0 0 1 0 1 0 1 | 1 1 | 0 | 0 | 1 | 0 | 1 | 1 | 0 | 1 | 
1 0 0 1 0 1 1 0 | 0 0 | 0 | 0 | 1 | 1 | 0 | 1 | 1 | 0 | 
1 0 0 1 0 1 1 1 | 1 1 | 0 | 0 | 1 | 1 | 1 | 1 | 1 | 1 | 
1 0 0 1 1 0 0 0 | 1 0 | 0 | 1 | 0 | 0 | 1 | 0 | 0 | 0 | 
1 0 0 1 1 0 0 1 | 1 1 | 0 | 1 | 0 | 1 | 0 | 0 | 0 | 1 | 
1 0 0 1 1 0 1 0 | 1 0 | 0 | 1 | 0 | 1 | 1 | 0 | 1 | 0 | 
1 0 0 1 1 0 1 1 | 1 1 | 0 | 1 | 1 | 0 | 0 | 0 | 1 | 1 | 
1 0 0 1 1 1 0 0 | 1 0 | 0 | 1 | 1 | 0 | 1 | 1 | 0 | 0 | 
1 0 0 1 1 1 0 1 | 1 1 | 0 | 1 | 1 | 1 | 0 | 1 | 0 | 1 | 
1 0 0 1 1 1 1 0 | 1 0 | 0 | 1 | 1 | 1 | 1 | 1 | 1 | 0 | 
1 0 0 1 1 1 1 1 | 1 1 | 1 | 0 | 0 | 0 | 0 | 1 | 1 | 1 | 
1 0 1 0 0 0 0 0 | 0 0 | 0 | 0 | 0 | 0 | 0 | 0 | 0 | 0 | 
1 0 1 0 0 0 0 1 | 1 1 | 0 | 0 | 0 | 0 | 1 | 0 | 1 | 0 | 
1 0 1 0 0 0 1 0 | 0 0 | 0 | 0 | 0 | 1 | 0 | 1 | 0 | 0 | 
1 0 1 0 0 0 1 1 | 1 1 | 0 | 0 | 0 | 1 | 1 | 1 | 1 | 0 | 
1 0 1 0 0 1 0 0 | 0 1 | 0 | 0 | 1 | 0 | 1 | 0 | 0 | 0 | 
1 0 1 0 0 1 0 1 | 1 1 | 0 | 0 | 1 | 1 | 0 | 0 | 1 | 0 | 
1 0 1 0 0 1 1 0 | 0 1 | 0 | 0 | 1 | 1 | 1 | 1 | 0 | 0 | 
1 0 1 0 0 1 1 1 | 1 1 | 0 | 1 | 0 | 0 | 0 | 1 | 1 | 0 | 
1 0 1 0 1 0 0 0 | 0 0 | 0 | 1 | 0 | 1 | 0 | 0 | 0 | 0 | 
1 0 1 0 1 0 0 1 | 1 1 | 0 | 1 | 0 | 1 | 1 | 0 | 1 | 0 | 
1 0 1 0 1 0 1 0 | 0 0 | 0 | 1 | 1 | 0 | 0 | 1 | 0 | 0 | 
1 0 1 0 1 0 1 1 | 1 1 | 0 | 1 | 1 | 0 | 1 | 1 | 1 | 0 | 
1 0 1 0 1 1 0 0 | 0 1 | 0 | 1 | 1 | 1 | 1 | 0 | 0 | 0 | 
1 0 1 0 1 1 0 1 | 1 1 | 1 | 0 | 0 | 0 | 0 | 0 | 1 | 0 | 
1 0 1 0 1 1 1 0 | 0 1 | 1 | 0 | 0 | 0 | 1 | 1 | 0 | 0 | 
1 0 1 0 1 1 1 1 | 1 1 | 1 | 0 | 0 | 1 | 0 | 1 | 1 | 0 | 
1 0 1 1 0 0 0 0 | 0 0 | 0 | 0 | 0 | 0 | 0 | 0 | 0 | 0 | 
1 0 1 1 0 0 0 1 | 1 1 | 0 | 0 | 0 | 0 | 1 | 0 | 1 | 1 | 
1 0 1 1 0 0 1 0 | 0 0 | 0 | 0 | 0 | 1 | 0 | 1 | 1 | 0 | 
1 0 1 1 0 0 1 1 | 1 1 | 0 | 0 | 1 | 0 | 0 | 0 | 0 | 1 | 
1 0 1 1 0 1 0 0 | 0 1 | 0 | 0 | 1 | 0 | 1 | 1 | 0 | 0 | 
1 0 1 1 0 1 0 1 | 1 1 | 0 | 0 | 1 | 1 | 0 | 1 | 1 | 1 | 
1 0 1 1 0 1 1 0 | 0 1 | 0 | 1 | 0 | 0 | 0 | 0 | 1 | 0 | 
1 0 1 1 0 1 1 1 | 1 1 | 0 | 1 | 0 | 0 | 1 | 1 | 0 | 1 | 
1 0 1 1 1 0 0 0 | 1 0 | 0 | 1 | 0 | 1 | 1 | 0 | 0 | 0 | 
1 0 1 1 1 0 0 1 | 1 1 | 0 | 1 | 1 | 0 | 0 | 0 | 1 | 1 | 
1 0 1 1 1 0 1 0 | 1 0 | 0 | 1 | 1 | 0 | 1 | 1 | 1 | 0 | 
1 0 1 1 1 0 1 1 | 1 1 | 0 | 1 | 1 | 1 | 1 | 0 | 0 | 1 | 
1 0 1 1 1 1 0 0 | 1 1 | 1 | 0 | 0 | 0 | 0 | 1 | 0 | 0 | 
1 0 1 1 1 1 0 1 | 1 1 | 1 | 0 | 0 | 0 | 1 | 1 | 1 | 1 | 
1 0 1 1 1 1 1 0 | 1 1 | 1 | 0 | 0 | 1 | 1 | 0 | 1 | 0 | 
1 0 1 1 1 1 1 1 | 1 1 | 1 | 0 | 1 | 0 | 0 | 1 | 0 | 1 | 
1 1 0 0 0 0 0 0 | 0 0 | 0 | 0 | 0 | 0 | 0 | 0 | 0 | 0 | 
1 1 0 0 0 0 0 1 | 1 1 | 0 | 0 | 0 | 0 | 1 | 1 | 0 | 0 | 
1 1 0 0 0 0 1 0 | 1 0 | 0 | 0 | 0 | 1 | 1 | 0 | 0 | 0 | 
1 1 0 0 0 0 1 1 | 0 1 | 0 | 0 | 1 | 0 | 0 | 1 | 0 | 0 | 
1 1 0 0 0 1 0 0 | 0 0 | 0 | 0 | 1 | 1 | 0 | 0 | 0 | 0 | 
1 1 0 0 0 1 0 1 | 1 1 | 0 | 0 | 1 | 1 | 1 | 1 | 0 | 0 | 
1 1 0 0 0 1 1 0 | 1 0 | 0 | 1 | 0 | 0 | 1 | 0 | 0 | 0 | 
1 1 0 0 0 1 1 1 | 0 1 | 0 | 1 | 0 | 1 | 0 | 1 | 0 | 0 | 
1 1 0 0 1 0 0 0 | 0 0 | 0 | 1 | 1 | 0 | 0 | 0 | 0 | 0 | 
1 1 0 0 1 0 0 1 | 1 1 | 0 | 1 | 1 | 0 | 1 | 1 | 0 | 0 | 
1 1 0 0 1 0 1 0 | 1 0 | 0 | 1 | 1 | 1 | 1 | 0 | 0 | 0 | 
1 1 0 0 1 0 1 1 | 0 1 | 1 | 0 | 0 | 0 | 0 | 1 | 0 | 0 | 
1 1 0 0 1 1 0 0 | 0 0 | 1 | 0 | 0 | 1 | 0 | 0 | 0 | 0 | 
1 1 0 0 1 1 0 1 | 1 1 | 1 | 0 | 0 | 1 | 1 | 1 | 0 | 0 | 
1 1 0 0 1 1 1 0 | 1 0 | 1 | 0 | 1 | 0 | 1 | 0 | 0 | 0 | 
1 1 0 0 1 1 1 1 | 0 1 | 1 | 0 | 1 | 1 | 0 | 1 | 0 | 0 | 
1 1 0 1 0 0 0 0 | 0 0 | 0 | 0 | 0 | 0 | 0 | 0 | 0 | 0 | 
1 1 0 1 0 0 0 1 | 1 1 | 0 | 0 | 0 | 0 | 1 | 1 | 0 | 1 | 
1 1 0 1 0 0 1 0 | 1 0 | 0 | 0 | 0 | 1 | 1 | 0 | 1 | 0 | 
1 1 0 1 0 0 1 1 | 0 1 | 0 | 0 | 1 | 0 | 0 | 1 | 1 | 1 | 
1 1 0 1 0 1 0 0 | 0 0 | 0 | 0 | 1 | 1 | 0 | 1 | 0 | 0 | 
1 1 0 1 0 1 0 1 | 1 1 | 0 | 1 | 0 | 0 | 0 | 0 | 0 | 1 | 
1 1 0 1 0 1 1 0 | 1 0 | 0 | 1 | 0 | 0 | 1 | 1 | 1 | 0 | 
1 1 0 1 0 1 1 1 | 0 1 | 0 | 1 | 0 | 1 | 1 | 0 | 1 | 1 | 
1 1 0 1 1 0 0 0 | 1 0 | 0 | 1 | 1 | 0 | 1 | 0 | 0 | 0 | 
1 1 0 1 1 0 0 1 | 1 1 | 0 | 1 | 1 | 1 | 0 | 1 | 0 | 1 | 
1 1 0 1 1 0 1 0 | 0 0 | 1 | 0 | 0 | 0 | 0 | 0 | 1 | 0 | 
1 1 0 1 1 0 1 1 | 0 1 | 1 | 0 | 0 | 0 | 1 | 1 | 1 | 1 | 
1 1 0 1 1 1 0 0 | 1 0 | 1 | 0 | 0 | 1 | 1 | 1 | 0 | 0 | 
1 1 0 1 1 1 0 1 | 1 1 | 1 | 0 | 1 | 0 | 1 | 0 | 0 | 1 | 
1 1 0 1 1 1 1 0 | 0 0 | 1 | 0 | 1 | 1 | 0 | 1 | 1 | 0 | 
1 1 0 1 1 1 1 1 | 0 1 | 1 | 1 | 0 | 0 | 0 | 0 | 1 | 1 | 
1 1 1 0 0 0 0 0 | 0 0 | 0 | 0 | 0 | 0 | 0 | 0 | 0 | 0 | 
1 1 1 0 0 0 0 1 | 1 1 | 0 | 0 | 0 | 0 | 1 | 1 | 1 | 0 | 
1 1 1 0 0 0 1 0 | 1 0 | 0 | 0 | 0 | 1 | 1 | 1 | 0 | 0 | 
1 1 1 0 0 0 1 1 | 0 1 | 0 | 0 | 1 | 0 | 1 | 0 | 1 | 0 | 
1 1 1 0 0 1 0 0 | 0 1 | 0 | 0 | 1 | 1 | 1 | 0 | 0 | 0 | 
1 1 1 0 0 1 0 1 | 1 1 | 0 | 1 | 0 | 0 | 0 | 1 | 1 | 0 | 
1 1 1 0 0 1 1 0 | 1 1 | 0 | 1 | 0 | 1 | 0 | 1 | 0 | 0 | 
1 1 1 0 0 1 1 1 | 0 1 | 0 | 1 | 1 | 0 | 0 | 0 | 1 | 0 | 
1 1 1 0 1 0 0 0 | 0 0 | 0 | 1 | 1 | 1 | 0 | 0 | 0 | 0 | 
1 1 1 0 1 0 0 1 | 1 1 | 0 | 1 | 1 | 1 | 1 | 1 | 1 | 0 | 
1 1 1 0 1 0 1 0 | 1 0 | 1 | 0 | 0 | 0 | 1 | 1 | 0 | 0 | 
1 1 1 0 1 0 1 1 | 0 1 | 1 | 0 | 0 | 1 | 1 | 0 | 1 | 0 | 
1 1 1 0 1 1 0 0 | 0 1 | 1 | 0 | 1 | 0 | 1 | 0 | 0 | 0 | 
1 1 1 0 1 1 0 1 | 1 1 | 1 | 0 | 1 | 1 | 0 | 1 | 1 | 0 | 
1 1 1 0 1 1 1 0 | 1 1 | 1 | 1 | 0 | 0 | 0 | 1 | 0 | 0 | 
1 1 1 0 1 1 1 1 | 0 1 | 1 | 1 | 0 | 1 | 0 | 0 | 1 | 0 | 
1 1 1 1 0 0 0 0 | 0 0 | 0 | 0 | 0 | 0 | 0 | 0 | 0 | 0 | 
1 1 1 1 0 0 0 1 | 1 1 | 0 | 0 | 0 | 0 | 1 | 1 | 1 | 1 | 
1 1 1 1 0 0 1 0 | 1 0 | 0 | 0 | 0 | 1 | 1 | 1 | 1 | 0 | 
1 1 1 1 0 0 1 1 | 0 1 | 0 | 0 | 1 | 0 | 1 | 1 | 0 | 1 | 
1 1 1 1 0 1 0 0 | 0 1 | 0 | 0 | 1 | 1 | 1 | 1 | 0 | 0 | 
1 1 1 1 0 1 0 1 | 1 1 | 0 | 1 | 0 | 0 | 1 | 0 | 1 | 1 | 
1 1 1 1 0 1 1 0 | 1 1 | 0 | 1 | 0 | 1 | 1 | 0 | 1 | 0 | 
1 1 1 1 0 1 1 1 | 0 1 | 0 | 1 | 1 | 0 | 1 | 0 | 0 | 1 | 
1 1 1 1 1 0 0 0 | 1 0 | 0 | 1 | 1 | 1 | 1 | 0 | 0 | 0 | 
1 1 1 1 1 0 0 1 | 1 1 | 1 | 0 | 0 | 0 | 0 | 1 | 1 | 1 | 
1 1 1 1 1 0 1 0 | 0 0 | 1 | 0 | 0 | 1 | 0 | 1 | 1 | 0 | 
1 1 1 1 1 0 1 1 | 0 1 | 1 | 0 | 1 | 0 | 0 | 1 | 0 | 1 | 
1 1 1 1 1 1 0 0 | 1 1 | 1 | 0 | 1 | 1 | 0 | 1 | 0 | 0 | 
1 1 1 1 1 1 0 1 | 1 1 | 1 | 1 | 0 | 0 | 0 | 0 | 1 | 1 | 
1 1 1 1 1 1 1 0 | 0 1 | 1 | 1 | 0 | 1 | 0 | 0 | 1 | 0 | 
1 1 1 1 1 1 1 1 | 0 1 | 1 | 1 | 1 | 0 | 0 | 0 | 0 | 1 | 


Apos avaliar 3000000 geracoes nao foi possivel encontrar um Individuo que solucionasse S4. 
Com um Rank de 1539 o melhor Individuo encontrado foi : 
1 | 4 5 100 | 7 2 300 | 9 8 400 | 5 1 500 | 10 11 500 | 8 2 500 | 7 2 500 | 6 9 100 | 5 10 100 | 16 4 300 | 13 | 1539
1 | 3 8 200 | 6 8 200 | 4 1 100 | 2 6 300 | 4 1 300 | 4 2 300 | 4 6 300 | 9 10 100 | 16 3 300 | 14 12 100 | 16 | -1


Situacao de cada porta do MUX00 : 
0 2 1 2 
Legenda 
porta travada em zero = 0 
porta travada em um = 1 
porta nao utilizada = -1 
porta com necessidade de mais um MUX = 2 

Numero de vezes que cada porta do MUX00 foi utilizada : 
60 52 36 108 


Trabalhando agora no MUX02 que entra na porta 1 do MUX00.
A seguir a parte da matriz que sera trabalhada neste MUX

A A A A B B B B |C0 C1|S0 |S1 |S2 |S3 |S4 |S5 |S6 |S7 |
------------------------------------------------------|
0 0 1 0 0 1 0 0 | 0 0 | 0 | 0 | 0 | 0 | 1 | 0 | 0 | 0 | 
0 0 1 0 0 1 1 0 | 0 0 | 0 | 0 | 0 | 0 | 1 | 1 | 0 | 0 | 
0 0 1 0 1 1 0 0 | 0 1 | 0 | 0 | 0 | 1 | 1 | 0 | 0 | 0 | 
0 0 1 0 1 1 1 0 | 0 1 | 0 | 0 | 0 | 1 | 1 | 1 | 0 | 0 | 
0 0 1 1 0 1 0 0 | 1 0 | 0 | 0 | 0 | 0 | 1 | 1 | 0 | 0 | 
0 0 1 1 0 1 1 0 | 1 0 | 0 | 0 | 0 | 1 | 0 | 0 | 1 | 0 | 
0 1 0 0 0 0 1 1 | 0 0 | 0 | 0 | 0 | 0 | 1 | 1 | 0 | 0 | 
0 1 0 0 0 1 1 1 | 0 0 | 0 | 0 | 0 | 1 | 1 | 1 | 0 | 0 | 
0 1 0 0 1 0 1 1 | 0 0 | 0 | 0 | 1 | 0 | 1 | 1 | 0 | 0 | 
0 1 0 0 1 1 1 1 | 0 1 | 0 | 0 | 1 | 1 | 1 | 1 | 0 | 0 | 
0 1 0 1 0 0 1 1 | 0 0 | 0 | 0 | 0 | 0 | 1 | 1 | 1 | 1 | 
0 1 0 1 0 1 1 1 | 0 0 | 0 | 0 | 1 | 0 | 0 | 0 | 1 | 1 | 
0 1 0 1 1 0 1 1 | 0 0 | 0 | 0 | 1 | 1 | 0 | 1 | 1 | 1 | 
0 1 0 1 1 1 1 1 | 0 1 | 0 | 1 | 0 | 0 | 1 | 0 | 1 | 1 | 
0 1 1 0 0 0 1 1 | 1 0 | 0 | 0 | 0 | 1 | 0 | 0 | 1 | 0 | 
0 1 1 0 0 1 0 0 | 1 0 | 0 | 0 | 0 | 1 | 1 | 0 | 0 | 0 | 
0 1 1 0 0 1 1 1 | 1 0 | 0 | 0 | 1 | 0 | 1 | 0 | 1 | 0 | 
0 1 1 0 1 0 1 1 | 1 1 | 0 | 1 | 0 | 0 | 0 | 0 | 1 | 0 | 
0 1 1 0 1 1 0 0 | 1 1 | 0 | 1 | 0 | 0 | 1 | 0 | 0 | 0 | 
0 1 1 0 1 1 1 1 | 1 1 | 0 | 1 | 0 | 1 | 1 | 0 | 1 | 0 | 
0 1 1 1 0 0 1 1 | 0 0 | 0 | 0 | 0 | 1 | 0 | 1 | 0 | 1 | 
0 1 1 1 0 1 0 0 | 0 0 | 0 | 0 | 0 | 1 | 1 | 1 | 0 | 0 | 
0 1 1 1 0 1 1 1 | 0 0 | 0 | 0 | 1 | 1 | 0 | 0 | 0 | 1 | 
0 1 1 1 1 0 1 1 | 0 1 | 0 | 1 | 0 | 0 | 1 | 1 | 0 | 1 | 
0 1 1 1 1 1 1 0 | 0 1 | 0 | 1 | 1 | 0 | 0 | 0 | 1 | 0 | 
0 1 1 1 1 1 1 1 | 0 1 | 0 | 1 | 1 | 0 | 1 | 0 | 0 | 1 | 
1 0 1 0 0 1 0 0 | 0 0 | 0 | 0 | 1 | 0 | 1 | 0 | 0 | 0 | 
1 0 1 0 0 1 1 0 | 0 0 | 0 | 0 | 1 | 1 | 1 | 1 | 0 | 0 | 
1 0 1 0 1 1 0 0 | 0 1 | 0 | 1 | 1 | 1 | 1 | 0 | 0 | 0 | 
1 0 1 0 1 1 1 0 | 0 1 | 1 | 0 | 0 | 0 | 1 | 1 | 0 | 0 | 
1 0 1 1 0 1 0 0 | 1 0 | 0 | 0 | 1 | 0 | 1 | 1 | 0 | 0 | 
1 0 1 1 0 1 1 0 | 1 0 | 0 | 1 | 0 | 0 | 0 | 0 | 1 | 0 | 
1 1 0 0 0 0 1 1 | 0 0 | 0 | 0 | 1 | 0 | 0 | 1 | 0 | 0 | 
1 1 0 0 0 1 1 1 | 0 0 | 0 | 1 | 0 | 1 | 0 | 1 | 0 | 0 | 
1 1 0 0 1 0 1 1 | 0 0 | 1 | 0 | 0 | 0 | 0 | 1 | 0 | 0 | 
1 1 0 0 1 1 1 1 | 0 1 | 1 | 0 | 1 | 1 | 0 | 1 | 0 | 0 | 
1 1 0 1 0 0 1 1 | 0 0 | 0 | 0 | 1 | 0 | 0 | 1 | 1 | 1 | 
1 1 0 1 0 1 1 1 | 0 0 | 0 | 1 | 0 | 1 | 1 | 0 | 1 | 1 | 
1 1 0 1 1 0 1 1 | 0 0 | 1 | 0 | 0 | 0 | 1 | 1 | 1 | 1 | 
1 1 0 1 1 1 1 1 | 0 1 | 1 | 1 | 0 | 0 | 0 | 0 | 1 | 1 | 
1 1 1 0 0 0 1 1 | 1 0 | 0 | 0 | 1 | 0 | 1 | 0 | 1 | 0 | 
1 1 1 0 0 1 0 0 | 1 0 | 0 | 0 | 1 | 1 | 1 | 0 | 0 | 0 | 
1 1 1 0 0 1 1 1 | 1 0 | 0 | 1 | 1 | 0 | 0 | 0 | 1 | 0 | 
1 1 1 0 1 0 1 1 | 1 1 | 1 | 0 | 0 | 1 | 1 | 0 | 1 | 0 | 
1 1 1 0 1 1 0 0 | 1 1 | 1 | 0 | 1 | 0 | 1 | 0 | 0 | 0 | 
1 1 1 0 1 1 1 1 | 1 1 | 1 | 1 | 0 | 1 | 0 | 0 | 1 | 0 | 
1 1 1 1 0 0 1 1 | 0 0 | 0 | 0 | 1 | 0 | 1 | 1 | 0 | 1 | 
1 1 1 1 0 1 0 0 | 0 0 | 0 | 0 | 1 | 1 | 1 | 1 | 0 | 0 | 
1 1 1 1 0 1 1 1 | 0 0 | 0 | 1 | 1 | 0 | 1 | 0 | 0 | 1 | 
1 1 1 1 1 0 1 1 | 0 1 | 1 | 0 | 1 | 0 | 0 | 1 | 0 | 1 | 
1 1 1 1 1 1 1 0 | 0 1 | 1 | 1 | 0 | 1 | 0 | 0 | 1 | 0 | 
1 1 1 1 1 1 1 1 | 0 1 | 1 | 1 | 1 | 0 | 0 | 0 | 0 | 1 | 




 Evolucao!!!!  Geracao: 1. 	 Melhor rank ate esta geracao: 69 	 Valor do Multiplicador de Mutacoes : 1 

1 | 8 4 400 | 2 8 200 | 2 9 200 | 3 9 300 | 3 5 400 | 4 2 500 | 2 10 200 | 3 14 100 | 7 5 300 | 11 8 100 | 2 | 69
1 | 6 3 100 | 4 5 100 | 1 7 500 | 5 9 100 | 10 11 500 | 5 3 100 | 2 7 100 | 14 7 500 | 1 16 300 | 11 3 100 | 12 | -1



 Evolucao!!!!  Geracao: 13. 	 Melhor rank ate esta geracao: 194 	 Valor do Multiplicador de Mutacoes : 1 

1 | 8 4 400 | 1 8 200 | 2 9 200 | 3 9 300 | 3 5 400 | 4 2 500 | 2 10 200 | 3 14 100 | 7 5 300 | 6 8 100 | 7 | 194
1 | 6 3 100 | 4 5 100 | 1 7 500 | 5 9 100 | 10 11 500 | 5 3 100 | 2 7 100 | 14 7 500 | 1 16 300 | 11 3 100 | 12 | -1



 Evolucao!!!!  Geracao: 15. 	 Melhor rank ate esta geracao: 202 	 Valor do Multiplicador de Mutacoes : 1 

1 | 8 4 400 | 1 8 200 | 2 9 200 | 3 9 300 | 3 5 400 | 4 2 500 | 2 10 200 | 3 14 100 | 7 5 300 | 6 8 100 | 7 | 202
1 | 6 3 100 | 4 8 100 | 1 7 500 | 5 9 200 | 10 11 500 | 5 3 400 | 2 7 100 | 14 7 500 | 1 16 300 | 11 3 100 | 12 | -1



 Evolucao!!!!  Geracao: 40. 	 Melhor rank ate esta geracao: 204 	 Valor do Multiplicador de Mutacoes : 1 

1 | 8 4 400 | 1 8 200 | 2 9 200 | 3 9 300 | 3 5 400 | 4 5 500 | 2 10 200 | 3 14 100 | 7 5 300 | 6 8 100 | 7 | 204
1 | 6 3 100 | 4 8 100 | 1 7 500 | 5 9 200 | 10 11 500 | 5 3 400 | 2 7 100 | 14 7 100 | 1 16 300 | 11 3 100 | 17 | -1



 Evolucao!!!!  Geracao: 44. 	 Melhor rank ate esta geracao: 209 	 Valor do Multiplicador de Mutacoes : 1 

1 | 2 4 400 | 1 8 200 | 2 9 200 | 3 9 300 | 3 5 400 | 4 5 500 | 2 10 200 | 3 14 100 | 7 5 300 | 3 8 100 | 7 | 209
1 | 6 3 100 | 4 8 100 | 1 7 500 | 5 9 200 | 10 11 500 | 5 3 400 | 2 7 100 | 14 7 100 | 5 16 300 | 11 3 100 | 17 | -1



 Evolucao!!!!  Geracao: 137. 	 Melhor rank ate esta geracao: 257 	 Valor do Multiplicador de Mutacoes : 1 

1 | 2 4 400 | 1 8 200 | 2 9 200 | 3 9 300 | 3 5 400 | 4 5 500 | 2 10 200 | 3 14 100 | 7 5 300 | 3 8 100 | 7 | 257
1 | 6 3 100 | 4 8 100 | 4 7 500 | 5 9 200 | 10 11 500 | 5 3 400 | 2 7 100 | 14 7 100 | 5 16 300 | 11 3 100 | 13 | -1



 Evolucao!!!!  Geracao: 158. 	 Melhor rank ate esta geracao: 265 	 Valor do Multiplicador de Mutacoes : 1 

1 | 2 4 400 | 1 8 200 | 2 9 200 | 3 9 300 | 3 5 400 | 10 5 500 | 2 10 200 | 3 14 100 | 7 3 300 | 3 8 100 | 7 | 265
1 | 6 3 100 | 4 8 100 | 4 7 100 | 5 9 200 | 10 11 500 | 5 3 400 | 2 7 100 | 14 7 100 | 5 16 300 | 11 3 100 | 13 | -1



 Evolucao!!!!  Geracao: 168. 	 Melhor rank ate esta geracao: 329 	 Valor do Multiplicador de Mutacoes : 1 

1 | 2 4 400 | 1 8 200 | 2 9 200 | 3 9 200 | 10 5 400 | 10 5 500 | 2 10 200 | 3 14 100 | 7 3 300 | 3 8 100 | 8 | 329
1 | 6 3 100 | 4 8 100 | 4 7 100 | 5 9 200 | 10 11 500 | 5 3 400 | 2 7 100 | 14 7 100 | 5 16 300 | 11 3 100 | 13 | -1



 Evolucao!!!!  Geracao: 602659. 	 Melhor rank ate esta geracao: 387 	 Valor do Multiplicador de Mutacoes : 4 

1 | 2 4 400 | 1 5 200 | 2 9 200 | 3 9 200 | 10 5 100 | 10 5 500 | 2 9 200 | 3 14 100 | 7 3 300 | 8 1 100 | 18 | 387
1 | 6 3 100 | 4 6 400 | 4 7 100 | 5 9 200 | 10 11 500 | 5 3 200 | 2 7 100 | 14 7 100 | 5 16 300 | 11 4 100 | 13 | -1



 Evolucao!!!!  Geracao: 604161. 	 Melhor rank ate esta geracao: 388 	 Valor do Multiplicador de Mutacoes : 1 

1 | 2 4 400 | 1 4 200 | 2 9 200 | 3 9 200 | 10 5 100 | 10 5 500 | 2 9 200 | 3 14 100 | 7 3 300 | 8 10 100 | 18 | 388
1 | 6 3 100 | 4 6 400 | 4 7 100 | 5 9 200 | 10 11 500 | 5 3 200 | 2 7 100 | 14 7 300 | 5 16 300 | 11 4 100 | 13 | -1



 Evolucao!!!!  Geracao: 689998. 	 Melhor rank ate esta geracao: 453 	 Valor do Multiplicador de Mutacoes : 1 

1 | 2 4 400 | 1 4 200 | 2 9 200 | 3 9 200 | 10 5 100 | 10 5 500 | 2 9 200 | 3 14 100 | 7 3 300 | 8 10 100 | 18 | 453
1 | 6 3 400 | 4 6 400 | 4 7 100 | 6 9 200 | 12 11 500 | 5 3 200 | 2 7 100 | 14 7 300 | 5 16 300 | 11 4 100 | 13 | -1



 Evolucao!!!!  Geracao: 692677. 	 Melhor rank ate esta geracao: 545 	 Valor do Multiplicador de Mutacoes : 1 

1 | 2 4 400 | 1 4 200 | 2 9 200 | 3 9 200 | 10 5 100 | 10 5 500 | 2 9 200 | 3 5 100 | 7 3 300 | 8 10 100 | 18 | 545
1 | 6 3 400 | 4 6 400 | 4 7 300 | 6 9 200 | 12 11 300 | 5 3 200 | 2 7 100 | 14 7 300 | 5 16 300 | 11 4 100 | 13 | -1



A A A A B B B B |C0 C1|S0 |S1 |S2 |S3 |S4 |S5 |S6 |S7 |
------------------------------------------------------|
0 0 1 0 0 1 0 0 | 0 0 | 0 | 0 | 0 | 0 | 1 | 0 | 0 | 0 | 
0 0 1 0 0 1 1 0 | 0 0 | 0 | 0 | 0 | 0 | 1 | 1 | 0 | 0 | 
0 0 1 0 1 1 0 0 | 0 0 | 0 | 0 | 0 | 1 | 1 | 0 | 0 | 0 | 
0 0 1 0 1 1 1 0 | 0 0 | 0 | 0 | 0 | 1 | 1 | 1 | 0 | 0 | 
0 0 1 1 0 1 0 0 | 0 0 | 0 | 0 | 0 | 0 | 1 | 1 | 0 | 0 | 
0 0 1 1 0 1 1 0 | 0 1 | 0 | 0 | 0 | 1 | 0 | 0 | 1 | 0 | 
0 1 0 0 0 0 1 1 | 0 0 | 0 | 0 | 0 | 0 | 1 | 1 | 0 | 0 | 
0 1 0 0 0 1 1 1 | 0 0 | 0 | 0 | 0 | 1 | 1 | 1 | 0 | 0 | 
0 1 0 0 1 0 1 1 | 0 0 | 0 | 0 | 1 | 0 | 1 | 1 | 0 | 0 | 
0 1 0 0 1 1 1 1 | 0 0 | 0 | 0 | 1 | 1 | 1 | 1 | 0 | 0 | 
0 1 0 1 0 0 1 1 | 1 1 | 0 | 0 | 0 | 0 | 1 | 1 | 1 | 1 | 
0 1 0 1 0 1 1 1 | 1 1 | 0 | 0 | 1 | 0 | 0 | 0 | 1 | 1 | 
0 1 0 1 1 0 1 1 | 1 1 | 0 | 0 | 1 | 1 | 0 | 1 | 1 | 1 | 
0 1 0 1 1 1 1 1 | 1 1 | 0 | 1 | 0 | 0 | 1 | 0 | 1 | 1 | 
0 1 1 0 0 0 1 1 | 0 1 | 0 | 0 | 0 | 1 | 0 | 0 | 1 | 0 | 
0 1 1 0 0 1 0 0 | 0 0 | 0 | 0 | 0 | 1 | 1 | 0 | 0 | 0 | 
0 1 1 0 0 1 1 1 | 0 0 | 0 | 0 | 1 | 0 | 1 | 0 | 1 | 0 | 
0 1 1 0 1 0 1 1 | 0 1 | 0 | 1 | 0 | 0 | 0 | 0 | 1 | 0 | 
0 1 1 0 1 1 0 0 | 0 0 | 0 | 1 | 0 | 0 | 1 | 0 | 0 | 0 | 
0 1 1 0 1 1 1 1 | 0 0 | 0 | 1 | 0 | 1 | 1 | 0 | 1 | 0 | 
0 1 1 1 0 0 1 1 | 1 1 | 0 | 0 | 0 | 1 | 0 | 1 | 0 | 1 | 
0 1 1 1 0 1 0 0 | 0 0 | 0 | 0 | 0 | 1 | 1 | 1 | 0 | 0 | 
0 1 1 1 0 1 1 1 | 1 1 | 0 | 0 | 1 | 1 | 0 | 0 | 0 | 1 | 
0 1 1 1 1 0 1 1 | 1 1 | 0 | 1 | 0 | 0 | 1 | 1 | 0 | 1 | 
0 1 1 1 1 1 1 0 | 0 1 | 0 | 1 | 1 | 0 | 0 | 0 | 1 | 0 | 
0 1 1 1 1 1 1 1 | 1 1 | 0 | 1 | 1 | 0 | 1 | 0 | 0 | 1 | 
1 0 1 0 0 1 0 0 | 0 0 | 0 | 0 | 1 | 0 | 1 | 0 | 0 | 0 | 
1 0 1 0 0 1 1 0 | 0 0 | 0 | 0 | 1 | 1 | 1 | 1 | 0 | 0 | 
1 0 1 0 1 1 0 0 | 0 0 | 0 | 1 | 1 | 1 | 1 | 0 | 0 | 0 | 
1 0 1 0 1 1 1 0 | 0 0 | 1 | 0 | 0 | 0 | 1 | 1 | 0 | 0 | 
1 0 1 1 0 1 0 0 | 0 0 | 0 | 0 | 1 | 0 | 1 | 1 | 0 | 0 | 
1 0 1 1 0 1 1 0 | 0 1 | 0 | 1 | 0 | 0 | 0 | 0 | 1 | 0 | 
1 1 0 0 0 0 1 1 | 1 0 | 0 | 0 | 1 | 0 | 0 | 1 | 0 | 0 | 
1 1 0 0 0 1 1 1 | 1 0 | 0 | 1 | 0 | 1 | 0 | 1 | 0 | 0 | 
1 1 0 0 1 0 1 1 | 1 0 | 1 | 0 | 0 | 0 | 0 | 1 | 0 | 0 | 
1 1 0 0 1 1 1 1 | 1 0 | 1 | 0 | 1 | 1 | 0 | 1 | 0 | 0 | 
1 1 0 1 0 0 1 1 | 1 1 | 0 | 0 | 1 | 0 | 0 | 1 | 1 | 1 | 
1 1 0 1 0 1 1 1 | 1 1 | 0 | 1 | 0 | 1 | 1 | 0 | 1 | 1 | 
1 1 0 1 1 0 1 1 | 1 1 | 1 | 0 | 0 | 0 | 1 | 1 | 1 | 1 | 
1 1 0 1 1 1 1 1 | 1 1 | 1 | 1 | 0 | 0 | 0 | 0 | 1 | 1 | 
1 1 1 0 0 0 1 1 | 1 1 | 0 | 0 | 1 | 0 | 1 | 0 | 1 | 0 | 
1 1 1 0 0 1 0 0 | 0 0 | 0 | 0 | 1 | 1 | 1 | 0 | 0 | 0 | 
1 1 1 0 0 1 1 1 | 1 0 | 0 | 1 | 1 | 0 | 0 | 0 | 1 | 0 | 
1 1 1 0 1 0 1 1 | 1 1 | 1 | 0 | 0 | 1 | 1 | 0 | 1 | 0 | 
1 1 1 0 1 1 0 0 | 0 0 | 1 | 0 | 1 | 0 | 1 | 0 | 0 | 0 | 
1 1 1 0 1 1 1 1 | 1 0 | 1 | 1 | 0 | 1 | 0 | 0 | 1 | 0 | 
1 1 1 1 0 0 1 1 | 1 1 | 0 | 0 | 1 | 0 | 1 | 1 | 0 | 1 | 
1 1 1 1 0 1 0 0 | 0 0 | 0 | 0 | 1 | 1 | 1 | 1 | 0 | 0 | 
1 1 1 1 0 1 1 1 | 1 1 | 0 | 1 | 1 | 0 | 1 | 0 | 0 | 1 | 
1 1 1 1 1 0 1 1 | 1 1 | 1 | 0 | 1 | 0 | 0 | 1 | 0 | 1 | 
1 1 1 1 1 1 1 0 | 0 1 | 1 | 1 | 0 | 1 | 0 | 0 | 1 | 0 | 
1 1 1 1 1 1 1 1 | 1 1 | 1 | 1 | 1 | 0 | 0 | 0 | 0 | 1 | 


Apos avaliar 3000000 geracoes nao foi possivel encontrar um Individuo que solucionasse o MUX2 para S4. 
Com um Rank de 545 o melhor Individuo encontrado foi : 
1 | 2 4 400 | 1 4 200 | 2 9 200 | 3 9 200 | 10 5 100 | 10 5 500 | 2 9 200 | 3 5 100 | 7 3 300 | 8 10 100 | 18 | 545
1 | 6 3 400 | 4 6 400 | 4 7 300 | 6 9 200 | 12 11 300 | 5 3 200 | 2 7 100 | 14 7 300 | 5 16 300 | 11 4 100 | 13 | -1


Situacao de cada porta do MUX02 : 
1 0 0 2 

Numero de vezes que cada porta do MUX02 foi utilizada : 
22 6 6 18 


Trabalhando agora no MUX04 que entra na porta 3 do MUX00.
A seguir a parte da matriz que sera trabalhada neste MUX

A A A A B B B B |C0 C1|S0 |S1 |S2 |S3 |S4 |S5 |S6 |S7 |
------------------------------------------------------|
0 0 0 0 0 0 0 1 | 0 1 | 0 | 0 | 0 | 0 | 0 | 0 | 0 | 0 | 
0 0 0 0 0 0 1 1 | 1 1 | 0 | 0 | 0 | 0 | 0 | 0 | 0 | 0 | 
0 0 0 0 0 1 0 1 | 0 1 | 0 | 0 | 0 | 0 | 0 | 0 | 0 | 0 | 
0 0 0 0 0 1 1 1 | 1 1 | 0 | 0 | 0 | 0 | 0 | 0 | 0 | 0 | 
0 0 0 0 1 0 0 1 | 0 1 | 0 | 0 | 0 | 0 | 0 | 0 | 0 | 0 | 
0 0 0 0 1 0 1 1 | 1 1 | 0 | 0 | 0 | 0 | 0 | 0 | 0 | 0 | 
0 0 0 0 1 1 0 1 | 0 1 | 0 | 0 | 0 | 0 | 0 | 0 | 0 | 0 | 
0 0 0 0 1 1 1 1 | 1 1 | 0 | 0 | 0 | 0 | 0 | 0 | 0 | 0 | 
0 0 0 1 0 0 0 1 | 0 1 | 0 | 0 | 0 | 0 | 0 | 0 | 0 | 1 | 
0 0 0 1 0 0 1 1 | 1 1 | 0 | 0 | 0 | 0 | 0 | 0 | 1 | 1 | 
0 0 0 1 0 1 0 1 | 0 1 | 0 | 0 | 0 | 0 | 0 | 1 | 0 | 1 | 
0 0 0 1 0 1 1 1 | 1 1 | 0 | 0 | 0 | 0 | 0 | 1 | 1 | 1 | 
0 0 0 1 1 0 0 1 | 0 1 | 0 | 0 | 0 | 0 | 1 | 0 | 0 | 1 | 
0 0 0 1 1 0 1 1 | 1 1 | 0 | 0 | 0 | 0 | 1 | 0 | 1 | 1 | 
0 0 0 1 1 1 0 1 | 0 1 | 0 | 0 | 0 | 0 | 1 | 1 | 0 | 1 | 
0 0 0 1 1 1 1 1 | 1 1 | 0 | 0 | 0 | 0 | 1 | 1 | 1 | 1 | 
0 0 1 0 0 0 0 1 | 1 0 | 0 | 0 | 0 | 0 | 0 | 0 | 1 | 0 | 
0 0 1 0 0 0 1 1 | 0 0 | 0 | 0 | 0 | 0 | 0 | 1 | 1 | 0 | 
0 0 1 0 0 1 0 1 | 1 0 | 0 | 0 | 0 | 0 | 1 | 0 | 1 | 0 | 
0 0 1 0 0 1 1 1 | 0 0 | 0 | 0 | 0 | 0 | 1 | 1 | 1 | 0 | 
0 0 1 0 1 0 0 1 | 1 0 | 0 | 0 | 0 | 1 | 0 | 0 | 1 | 0 | 
0 0 1 0 1 0 1 1 | 0 0 | 0 | 0 | 0 | 1 | 0 | 1 | 1 | 0 | 
0 0 1 0 1 1 0 1 | 1 0 | 0 | 0 | 0 | 1 | 1 | 0 | 1 | 0 | 
0 0 1 0 1 1 1 1 | 0 0 | 0 | 0 | 0 | 1 | 1 | 1 | 1 | 0 | 
0 0 1 1 0 0 0 1 | 1 1 | 0 | 0 | 0 | 0 | 0 | 0 | 1 | 1 | 
0 0 1 1 0 0 1 1 | 0 1 | 0 | 0 | 0 | 0 | 1 | 0 | 0 | 1 | 
0 0 1 1 0 1 0 1 | 1 1 | 0 | 0 | 0 | 0 | 1 | 1 | 1 | 1 | 
0 0 1 1 0 1 1 1 | 0 1 | 0 | 0 | 0 | 1 | 0 | 1 | 0 | 1 | 
0 0 1 1 1 0 0 1 | 1 1 | 0 | 0 | 0 | 1 | 1 | 0 | 1 | 1 | 
0 0 1 1 1 0 1 1 | 0 1 | 0 | 0 | 1 | 0 | 0 | 0 | 0 | 1 | 
0 0 1 1 1 1 0 0 | 0 1 | 0 | 0 | 1 | 0 | 0 | 1 | 0 | 0 | 
0 0 1 1 1 1 0 1 | 1 1 | 0 | 0 | 1 | 0 | 0 | 1 | 1 | 1 | 
0 0 1 1 1 1 1 0 | 1 1 | 0 | 0 | 1 | 0 | 1 | 0 | 1 | 0 | 
0 0 1 1 1 1 1 1 | 0 1 | 0 | 0 | 1 | 0 | 1 | 1 | 0 | 1 | 
0 1 0 0 0 0 0 1 | 0 0 | 0 | 0 | 0 | 0 | 0 | 1 | 0 | 0 | 
0 1 0 0 0 1 0 1 | 0 0 | 0 | 0 | 0 | 1 | 0 | 1 | 0 | 0 | 
0 1 0 0 1 0 0 1 | 0 0 | 0 | 0 | 1 | 0 | 0 | 1 | 0 | 0 | 
0 1 0 0 1 1 0 1 | 0 0 | 0 | 0 | 1 | 1 | 0 | 1 | 0 | 0 | 
0 1 0 1 0 0 0 1 | 0 1 | 0 | 0 | 0 | 0 | 0 | 1 | 0 | 1 | 
0 1 0 1 0 1 0 1 | 0 1 | 0 | 0 | 0 | 1 | 1 | 0 | 0 | 1 | 
0 1 0 1 1 0 0 1 | 0 1 | 0 | 0 | 1 | 0 | 1 | 1 | 0 | 1 | 
0 1 0 1 1 1 0 1 | 0 1 | 0 | 1 | 0 | 0 | 0 | 0 | 0 | 1 | 
0 1 1 0 0 0 0 1 | 1 1 | 0 | 0 | 0 | 0 | 0 | 1 | 1 | 0 | 
0 1 1 0 0 1 0 1 | 1 1 | 0 | 0 | 0 | 1 | 1 | 1 | 1 | 0 | 
0 1 1 0 0 1 1 0 | 1 1 | 0 | 0 | 1 | 0 | 0 | 1 | 0 | 0 | 
0 1 1 0 1 0 0 1 | 1 1 | 0 | 0 | 1 | 1 | 0 | 1 | 1 | 0 | 
0 1 1 0 1 1 0 1 | 1 1 | 0 | 1 | 0 | 0 | 1 | 1 | 1 | 0 | 
0 1 1 0 1 1 1 0 | 1 1 | 0 | 1 | 0 | 1 | 0 | 1 | 0 | 0 | 
0 1 1 1 0 0 0 1 | 1 1 | 0 | 0 | 0 | 0 | 0 | 1 | 1 | 1 | 
0 1 1 1 0 1 0 1 | 1 1 | 0 | 0 | 1 | 0 | 0 | 0 | 1 | 1 | 
0 1 1 1 0 1 1 0 | 1 1 | 0 | 0 | 1 | 0 | 1 | 0 | 1 | 0 | 
0 1 1 1 1 0 0 1 | 1 1 | 0 | 0 | 1 | 1 | 1 | 1 | 1 | 1 | 
0 1 1 1 1 1 0 0 | 0 1 | 0 | 1 | 0 | 1 | 0 | 1 | 0 | 0 | 
0 1 1 1 1 1 0 1 | 1 1 | 0 | 1 | 0 | 1 | 1 | 0 | 1 | 1 | 
1 0 0 0 0 0 0 1 | 0 0 | 0 | 0 | 0 | 0 | 1 | 0 | 0 | 0 | 
1 0 0 0 0 0 1 1 | 1 0 | 0 | 0 | 0 | 1 | 1 | 0 | 0 | 0 | 
1 0 0 0 0 1 0 1 | 0 0 | 0 | 0 | 1 | 0 | 1 | 0 | 0 | 0 | 
1 0 0 0 0 1 1 1 | 1 0 | 0 | 0 | 1 | 1 | 1 | 0 | 0 | 0 | 
1 0 0 0 1 0 0 1 | 0 0 | 0 | 1 | 0 | 0 | 1 | 0 | 0 | 0 | 
1 0 0 0 1 0 1 1 | 1 0 | 0 | 1 | 0 | 1 | 1 | 0 | 0 | 0 | 
1 0 0 0 1 1 0 1 | 0 0 | 0 | 1 | 1 | 0 | 1 | 0 | 0 | 0 | 
1 0 0 0 1 1 1 1 | 1 0 | 0 | 1 | 1 | 1 | 1 | 0 | 0 | 0 | 
1 0 0 1 0 0 0 1 | 0 1 | 0 | 0 | 0 | 0 | 1 | 0 | 0 | 1 | 
1 0 0 1 0 0 1 1 | 1 1 | 0 | 0 | 0 | 1 | 1 | 0 | 1 | 1 | 
1 0 0 1 0 1 0 1 | 0 1 | 0 | 0 | 1 | 0 | 1 | 1 | 0 | 1 | 
1 0 0 1 0 1 1 1 | 1 1 | 0 | 0 | 1 | 1 | 1 | 1 | 1 | 1 | 
1 0 0 1 1 0 0 1 | 0 1 | 0 | 1 | 0 | 1 | 0 | 0 | 0 | 1 | 
1 0 0 1 1 0 1 1 | 1 1 | 0 | 1 | 1 | 0 | 0 | 0 | 1 | 1 | 
1 0 0 1 1 1 0 1 | 0 1 | 0 | 1 | 1 | 1 | 0 | 1 | 0 | 1 | 
1 0 0 1 1 1 1 1 | 1 1 | 1 | 0 | 0 | 0 | 0 | 1 | 1 | 1 | 
1 0 1 0 0 0 0 1 | 1 1 | 0 | 0 | 0 | 0 | 1 | 0 | 1 | 0 | 
1 0 1 0 0 0 1 1 | 0 1 | 0 | 0 | 0 | 1 | 1 | 1 | 1 | 0 | 
1 0 1 0 0 1 0 1 | 1 1 | 0 | 0 | 1 | 1 | 0 | 0 | 1 | 0 | 
1 0 1 0 0 1 1 1 | 0 1 | 0 | 1 | 0 | 0 | 0 | 1 | 1 | 0 | 
1 0 1 0 1 0 0 1 | 1 1 | 0 | 1 | 0 | 1 | 1 | 0 | 1 | 0 | 
1 0 1 0 1 0 1 1 | 0 1 | 0 | 1 | 1 | 0 | 1 | 1 | 1 | 0 | 
1 0 1 0 1 1 0 1 | 1 1 | 1 | 0 | 0 | 0 | 0 | 0 | 1 | 0 | 
1 0 1 0 1 1 1 1 | 0 1 | 1 | 0 | 0 | 1 | 0 | 1 | 1 | 0 | 
1 0 1 1 0 0 0 1 | 1 1 | 0 | 0 | 0 | 0 | 1 | 0 | 1 | 1 | 
1 0 1 1 0 0 1 1 | 0 1 | 0 | 0 | 1 | 0 | 0 | 0 | 0 | 1 | 
1 0 1 1 0 1 0 1 | 1 1 | 0 | 0 | 1 | 1 | 0 | 1 | 1 | 1 | 
1 0 1 1 0 1 1 1 | 0 1 | 0 | 1 | 0 | 0 | 1 | 1 | 0 | 1 | 
1 0 1 1 1 0 0 1 | 1 1 | 0 | 1 | 1 | 0 | 0 | 0 | 1 | 1 | 
1 0 1 1 1 0 1 1 | 0 1 | 0 | 1 | 1 | 1 | 1 | 0 | 0 | 1 | 
1 0 1 1 1 1 0 0 | 0 1 | 1 | 0 | 0 | 0 | 0 | 1 | 0 | 0 | 
1 0 1 1 1 1 0 1 | 1 1 | 1 | 0 | 0 | 0 | 1 | 1 | 1 | 1 | 
1 0 1 1 1 1 1 0 | 1 1 | 1 | 0 | 0 | 1 | 1 | 0 | 1 | 0 | 
1 0 1 1 1 1 1 1 | 0 1 | 1 | 0 | 1 | 0 | 0 | 1 | 0 | 1 | 
1 1 0 0 0 0 0 1 | 0 0 | 0 | 0 | 0 | 0 | 1 | 1 | 0 | 0 | 
1 1 0 0 0 1 0 1 | 0 0 | 0 | 0 | 1 | 1 | 1 | 1 | 0 | 0 | 
1 1 0 0 1 0 0 1 | 0 0 | 0 | 1 | 1 | 0 | 1 | 1 | 0 | 0 | 
1 1 0 0 1 1 0 1 | 0 0 | 1 | 0 | 0 | 1 | 1 | 1 | 0 | 0 | 
1 1 0 1 0 0 0 1 | 0 1 | 0 | 0 | 0 | 0 | 1 | 1 | 0 | 1 | 
1 1 0 1 0 1 0 1 | 0 1 | 0 | 1 | 0 | 0 | 0 | 0 | 0 | 1 | 
1 1 0 1 1 0 0 1 | 0 1 | 0 | 1 | 1 | 1 | 0 | 1 | 0 | 1 | 
1 1 0 1 1 1 0 1 | 0 1 | 1 | 0 | 1 | 0 | 1 | 0 | 0 | 1 | 
1 1 1 0 0 0 0 1 | 1 1 | 0 | 0 | 0 | 0 | 1 | 1 | 1 | 0 | 
1 1 1 0 0 1 0 1 | 1 1 | 0 | 1 | 0 | 0 | 0 | 1 | 1 | 0 | 
1 1 1 0 0 1 1 0 | 1 1 | 0 | 1 | 0 | 1 | 0 | 1 | 0 | 0 | 
1 1 1 0 1 0 0 1 | 1 1 | 0 | 1 | 1 | 1 | 1 | 1 | 1 | 0 | 
1 1 1 0 1 1 0 1 | 1 1 | 1 | 0 | 1 | 1 | 0 | 1 | 1 | 0 | 
1 1 1 0 1 1 1 0 | 1 1 | 1 | 1 | 0 | 0 | 0 | 1 | 0 | 0 | 
1 1 1 1 0 0 0 1 | 1 1 | 0 | 0 | 0 | 0 | 1 | 1 | 1 | 1 | 
1 1 1 1 0 1 0 1 | 1 1 | 0 | 1 | 0 | 0 | 1 | 0 | 1 | 1 | 
1 1 1 1 0 1 1 0 | 1 1 | 0 | 1 | 0 | 1 | 1 | 0 | 1 | 0 | 
1 1 1 1 1 0 0 1 | 1 1 | 1 | 0 | 0 | 0 | 0 | 1 | 1 | 1 | 
1 1 1 1 1 1 0 0 | 0 1 | 1 | 0 | 1 | 1 | 0 | 1 | 0 | 0 | 
1 1 1 1 1 1 0 1 | 1 1 | 1 | 1 | 0 | 0 | 0 | 0 | 1 | 1 | 




A A A A B B B B |C0 C1|S0 |S1 |S2 |S3 |S4 |S5 |S6 |S7 |
------------------------------------------------------|
0 0 0 0 0 0 0 1 | 0 1 | 0 | 0 | 0 | 0 | 0 | 0 | 0 | 0 | 
0 0 0 0 0 0 1 1 | 1 1 | 0 | 0 | 0 | 0 | 0 | 0 | 0 | 0 | 
0 0 0 0 0 1 0 1 | 0 1 | 0 | 0 | 0 | 0 | 0 | 0 | 0 | 0 | 
0 0 0 0 0 1 1 1 | 1 1 | 0 | 0 | 0 | 0 | 0 | 0 | 0 | 0 | 
0 0 0 0 1 0 0 1 | 0 1 | 0 | 0 | 0 | 0 | 0 | 0 | 0 | 0 | 
0 0 0 0 1 0 1 1 | 1 1 | 0 | 0 | 0 | 0 | 0 | 0 | 0 | 0 | 
0 0 0 0 1 1 0 1 | 0 1 | 0 | 0 | 0 | 0 | 0 | 0 | 0 | 0 | 
0 0 0 0 1 1 1 1 | 1 1 | 0 | 0 | 0 | 0 | 0 | 0 | 0 | 0 | 
0 0 0 1 0 0 0 1 | 0 1 | 0 | 0 | 0 | 0 | 0 | 0 | 0 | 1 | 
0 0 0 1 0 0 1 1 | 1 1 | 0 | 0 | 0 | 0 | 0 | 0 | 1 | 1 | 
0 0 0 1 0 1 0 1 | 0 1 | 0 | 0 | 0 | 0 | 0 | 1 | 0 | 1 | 
0 0 0 1 0 1 1 1 | 1 1 | 0 | 0 | 0 | 0 | 0 | 1 | 1 | 1 | 
0 0 0 1 1 0 0 1 | 0 1 | 0 | 0 | 0 | 0 | 1 | 0 | 0 | 1 | 
0 0 0 1 1 0 1 1 | 1 1 | 0 | 0 | 0 | 0 | 1 | 0 | 1 | 1 | 
0 0 0 1 1 1 0 1 | 0 1 | 0 | 0 | 0 | 0 | 1 | 1 | 0 | 1 | 
0 0 0 1 1 1 1 1 | 1 1 | 0 | 0 | 0 | 0 | 1 | 1 | 1 | 1 | 
0 0 1 0 0 0 0 1 | 1 0 | 0 | 0 | 0 | 0 | 0 | 0 | 1 | 0 | 
0 0 1 0 0 0 1 1 | 0 0 | 0 | 0 | 0 | 0 | 0 | 1 | 1 | 0 | 
0 0 1 0 0 1 0 1 | 1 0 | 0 | 0 | 0 | 0 | 1 | 0 | 1 | 0 | 
0 0 1 0 0 1 1 1 | 0 0 | 0 | 0 | 0 | 0 | 1 | 1 | 1 | 0 | 
0 0 1 0 1 0 0 1 | 1 0 | 0 | 0 | 0 | 1 | 0 | 0 | 1 | 0 | 
0 0 1 0 1 0 1 1 | 0 0 | 0 | 0 | 0 | 1 | 0 | 1 | 1 | 0 | 
0 0 1 0 1 1 0 1 | 1 0 | 0 | 0 | 0 | 1 | 1 | 0 | 1 | 0 | 
0 0 1 0 1 1 1 1 | 0 0 | 0 | 0 | 0 | 1 | 1 | 1 | 1 | 0 | 
0 0 1 1 0 0 0 1 | 1 1 | 0 | 0 | 0 | 0 | 0 | 0 | 1 | 1 | 
0 0 1 1 0 0 1 1 | 0 1 | 0 | 0 | 0 | 0 | 1 | 0 | 0 | 1 | 
0 0 1 1 0 1 0 1 | 1 1 | 0 | 0 | 0 | 0 | 1 | 1 | 1 | 1 | 
0 0 1 1 0 1 1 1 | 0 1 | 0 | 0 | 0 | 1 | 0 | 1 | 0 | 1 | 
0 0 1 1 1 0 0 1 | 1 1 | 0 | 0 | 0 | 1 | 1 | 0 | 1 | 1 | 
0 0 1 1 1 0 1 1 | 0 1 | 0 | 0 | 1 | 0 | 0 | 0 | 0 | 1 | 
0 0 1 1 1 1 0 0 | 0 1 | 0 | 0 | 1 | 0 | 0 | 1 | 0 | 0 | 
0 0 1 1 1 1 0 1 | 1 1 | 0 | 0 | 1 | 0 | 0 | 1 | 1 | 1 | 
0 0 1 1 1 1 1 0 | 1 1 | 0 | 0 | 1 | 0 | 1 | 0 | 1 | 0 | 
0 0 1 1 1 1 1 1 | 0 1 | 0 | 0 | 1 | 0 | 1 | 1 | 0 | 1 | 
0 1 0 0 0 0 0 1 | 0 0 | 0 | 0 | 0 | 0 | 0 | 1 | 0 | 0 | 
0 1 0 0 0 1 0 1 | 0 0 | 0 | 0 | 0 | 1 | 0 | 1 | 0 | 0 | 
0 1 0 0 1 0 0 1 | 0 0 | 0 | 0 | 1 | 0 | 0 | 1 | 0 | 0 | 
0 1 0 0 1 1 0 1 | 0 0 | 0 | 0 | 1 | 1 | 0 | 1 | 0 | 0 | 
0 1 0 1 0 0 0 1 | 0 1 | 0 | 0 | 0 | 0 | 0 | 1 | 0 | 1 | 
0 1 0 1 0 1 0 1 | 0 1 | 0 | 0 | 0 | 1 | 1 | 0 | 0 | 1 | 
0 1 0 1 1 0 0 1 | 0 1 | 0 | 0 | 1 | 0 | 1 | 1 | 0 | 1 | 
0 1 0 1 1 1 0 1 | 0 1 | 0 | 1 | 0 | 0 | 0 | 0 | 0 | 1 | 
0 1 1 0 0 0 0 1 | 1 1 | 0 | 0 | 0 | 0 | 0 | 1 | 1 | 0 | 
0 1 1 0 0 1 0 1 | 1 1 | 0 | 0 | 0 | 1 | 1 | 1 | 1 | 0 | 
0 1 1 0 0 1 1 0 | 1 1 | 0 | 0 | 1 | 0 | 0 | 1 | 0 | 0 | 
0 1 1 0 1 0 0 1 | 1 1 | 0 | 0 | 1 | 1 | 0 | 1 | 1 | 0 | 
0 1 1 0 1 1 0 1 | 1 1 | 0 | 1 | 0 | 0 | 1 | 1 | 1 | 0 | 
0 1 1 0 1 1 1 0 | 1 1 | 0 | 1 | 0 | 1 | 0 | 1 | 0 | 0 | 
0 1 1 1 0 0 0 1 | 1 1 | 0 | 0 | 0 | 0 | 0 | 1 | 1 | 1 | 
0 1 1 1 0 1 0 1 | 1 1 | 0 | 0 | 1 | 0 | 0 | 0 | 1 | 1 | 
0 1 1 1 0 1 1 0 | 1 1 | 0 | 0 | 1 | 0 | 1 | 0 | 1 | 0 | 
0 1 1 1 1 0 0 1 | 1 1 | 0 | 0 | 1 | 1 | 1 | 1 | 1 | 1 | 
0 1 1 1 1 1 0 0 | 0 1 | 0 | 1 | 0 | 1 | 0 | 1 | 0 | 0 | 
0 1 1 1 1 1 0 1 | 1 1 | 0 | 1 | 0 | 1 | 1 | 0 | 1 | 1 | 
1 0 0 0 0 0 0 1 | 0 0 | 0 | 0 | 0 | 0 | 1 | 0 | 0 | 0 | 
1 0 0 0 0 0 1 1 | 1 0 | 0 | 0 | 0 | 1 | 1 | 0 | 0 | 0 | 
1 0 0 0 0 1 0 1 | 0 0 | 0 | 0 | 1 | 0 | 1 | 0 | 0 | 0 | 
1 0 0 0 0 1 1 1 | 1 0 | 0 | 0 | 1 | 1 | 1 | 0 | 0 | 0 | 
1 0 0 0 1 0 0 1 | 0 0 | 0 | 1 | 0 | 0 | 1 | 0 | 0 | 0 | 
1 0 0 0 1 0 1 1 | 1 0 | 0 | 1 | 0 | 1 | 1 | 0 | 0 | 0 | 
1 0 0 0 1 1 0 1 | 0 0 | 0 | 1 | 1 | 0 | 1 | 0 | 0 | 0 | 
1 0 0 0 1 1 1 1 | 1 0 | 0 | 1 | 1 | 1 | 1 | 0 | 0 | 0 | 
1 0 0 1 0 0 0 1 | 0 1 | 0 | 0 | 0 | 0 | 1 | 0 | 0 | 1 | 
1 0 0 1 0 0 1 1 | 1 1 | 0 | 0 | 0 | 1 | 1 | 0 | 1 | 1 | 
1 0 0 1 0 1 0 1 | 0 1 | 0 | 0 | 1 | 0 | 1 | 1 | 0 | 1 | 
1 0 0 1 0 1 1 1 | 1 1 | 0 | 0 | 1 | 1 | 1 | 1 | 1 | 1 | 
1 0 0 1 1 0 0 1 | 0 1 | 0 | 1 | 0 | 1 | 0 | 0 | 0 | 1 | 
1 0 0 1 1 0 1 1 | 1 1 | 0 | 1 | 1 | 0 | 0 | 0 | 1 | 1 | 
1 0 0 1 1 1 0 1 | 0 1 | 0 | 1 | 1 | 1 | 0 | 1 | 0 | 1 | 
1 0 0 1 1 1 1 1 | 1 1 | 1 | 0 | 0 | 0 | 0 | 1 | 1 | 1 | 
1 0 1 0 0 0 0 1 | 1 1 | 0 | 0 | 0 | 0 | 1 | 0 | 1 | 0 | 
1 0 1 0 0 0 1 1 | 0 1 | 0 | 0 | 0 | 1 | 1 | 1 | 1 | 0 | 
1 0 1 0 0 1 0 1 | 1 1 | 0 | 0 | 1 | 1 | 0 | 0 | 1 | 0 | 
1 0 1 0 0 1 1 1 | 0 1 | 0 | 1 | 0 | 0 | 0 | 1 | 1 | 0 | 
1 0 1 0 1 0 0 1 | 1 1 | 0 | 1 | 0 | 1 | 1 | 0 | 1 | 0 | 
1 0 1 0 1 0 1 1 | 0 1 | 0 | 1 | 1 | 0 | 1 | 1 | 1 | 0 | 
1 0 1 0 1 1 0 1 | 1 1 | 1 | 0 | 0 | 0 | 0 | 0 | 1 | 0 | 
1 0 1 0 1 1 1 1 | 0 1 | 1 | 0 | 0 | 1 | 0 | 1 | 1 | 0 | 
1 0 1 1 0 0 0 1 | 1 1 | 0 | 0 | 0 | 0 | 1 | 0 | 1 | 1 | 
1 0 1 1 0 0 1 1 | 0 1 | 0 | 0 | 1 | 0 | 0 | 0 | 0 | 1 | 
1 0 1 1 0 1 0 1 | 1 1 | 0 | 0 | 1 | 1 | 0 | 1 | 1 | 1 | 
1 0 1 1 0 1 1 1 | 0 1 | 0 | 1 | 0 | 0 | 1 | 1 | 0 | 1 | 
1 0 1 1 1 0 0 1 | 1 1 | 0 | 1 | 1 | 0 | 0 | 0 | 1 | 1 | 
1 0 1 1 1 0 1 1 | 0 1 | 0 | 1 | 1 | 1 | 1 | 0 | 0 | 1 | 
1 0 1 1 1 1 0 0 | 0 1 | 1 | 0 | 0 | 0 | 0 | 1 | 0 | 0 | 
1 0 1 1 1 1 0 1 | 1 1 | 1 | 0 | 0 | 0 | 1 | 1 | 1 | 1 | 
1 0 1 1 1 1 1 0 | 1 1 | 1 | 0 | 0 | 1 | 1 | 0 | 1 | 0 | 
1 0 1 1 1 1 1 1 | 0 1 | 1 | 0 | 1 | 0 | 0 | 1 | 0 | 1 | 
1 1 0 0 0 0 0 1 | 0 0 | 0 | 0 | 0 | 0 | 1 | 1 | 0 | 0 | 
1 1 0 0 0 1 0 1 | 0 0 | 0 | 0 | 1 | 1 | 1 | 1 | 0 | 0 | 
1 1 0 0 1 0 0 1 | 0 0 | 0 | 1 | 1 | 0 | 1 | 1 | 0 | 0 | 
1 1 0 0 1 1 0 1 | 0 0 | 1 | 0 | 0 | 1 | 1 | 1 | 0 | 0 | 
1 1 0 1 0 0 0 1 | 0 1 | 0 | 0 | 0 | 0 | 1 | 1 | 0 | 1 | 
1 1 0 1 0 1 0 1 | 0 1 | 0 | 1 | 0 | 0 | 0 | 0 | 0 | 1 | 
1 1 0 1 1 0 0 1 | 0 1 | 0 | 1 | 1 | 1 | 0 | 1 | 0 | 1 | 
1 1 0 1 1 1 0 1 | 0 1 | 1 | 0 | 1 | 0 | 1 | 0 | 0 | 1 | 
1 1 1 0 0 0 0 1 | 1 1 | 0 | 0 | 0 | 0 | 1 | 1 | 1 | 0 | 
1 1 1 0 0 1 0 1 | 1 1 | 0 | 1 | 0 | 0 | 0 | 1 | 1 | 0 | 
1 1 1 0 0 1 1 0 | 1 1 | 0 | 1 | 0 | 1 | 0 | 1 | 0 | 0 | 
1 1 1 0 1 0 0 1 | 1 1 | 0 | 1 | 1 | 1 | 1 | 1 | 1 | 0 | 
1 1 1 0 1 1 0 1 | 1 1 | 1 | 0 | 1 | 1 | 0 | 1 | 1 | 0 | 
1 1 1 0 1 1 1 0 | 1 1 | 1 | 1 | 0 | 0 | 0 | 1 | 0 | 0 | 
1 1 1 1 0 0 0 1 | 1 1 | 0 | 0 | 0 | 0 | 1 | 1 | 1 | 1 | 
1 1 1 1 0 1 0 1 | 1 1 | 0 | 1 | 0 | 0 | 1 | 0 | 1 | 1 | 
1 1 1 1 0 1 1 0 | 1 1 | 0 | 1 | 0 | 1 | 1 | 0 | 1 | 0 | 
1 1 1 1 1 0 0 1 | 1 1 | 1 | 0 | 0 | 0 | 0 | 1 | 1 | 1 | 
1 1 1 1 1 1 0 0 | 0 1 | 1 | 0 | 1 | 1 | 0 | 1 | 0 | 0 | 
1 1 1 1 1 1 0 1 | 1 1 | 1 | 1 | 0 | 0 | 0 | 0 | 1 | 1 | 


Apos avaliar 3000000 geracoes nao foi possivel encontrar um Individuo que solucionasse o MUX4 para S4. 
Com um Rank de 545 o melhor Individuo encontrado foi : 
1 | 4 6 500 | 8 3 100 | 9 7 200 | 9 1 300 | 7 10 500 | 1 9 200 | 2 3 100 | 7 3 400 | 2 13 500 | 9 1 300 | 13 | 8
1 | 3 8 400 | 3 5 400 | 7 3 200 | 1 2 400 | 4 7 400 | 3 12 500 | 13 1 300 | 3 6 300 | 4 14 200 | 8 14 400 | 17 | -1


Situacao de cada porta do MUX04 : 
2 2 2 2 

Numero de vezes que cada porta do MUX04 foi utilizada : 
16 36 8 48 